Date,Round,isHome,Rival,Goal,Conceded,Points,CumPoints,bCumPoints,b5MatchPoints,b5MatchPointRatio,bCumGoal,b5MatchGoal,bCumConceded,b5MatchConceded,b5HomeMatchPoints,b5HomeMatchPointRatio,bHomeCumGoal,bHomeCumConceded,b5HomeMatchGoal,b5HomeMatchConceded,b5AwayMatchPoints,b5AwayMatchPointRatio,bAwayCumGoal,bAwayCumConceded,b5AwayMatchGoal,b5AwayMatchConceded,SelfAS,SelfDS,SelfFromCL,RivalAS,RivalDS,RivalFromCL,bStdCumPoints,bRivalCumPoints,bRival5MatchPoints,bRival5MatchPointRatio,bRivalCumGoal,bRival5MatchGoal,bRivalCumConceded,bRival5MatchConceded,bRival5HomeMatchPoints,bRival5HomeMatchPointRatio,bRivalHomeCumGoal,bRivalHomeCumConceded,bRival5HomeMatchGoal,bRival5HomeMatchConceded,bRival5AwayMatchPoints,bRival5AwayMatchPointRatio,bRivalAwayCumGoal,bRivalAwayCumConceded,bRival5AwayMatchGoal,bRival5AwayMatchConceded,bRivalStdCumPoints
2013-08-17,1,False,West Ham,0,2,0,0,0,0.0,,0,0.0,0,0.0,,,,,,,0.0,,0.0,0.0,0.0,0.0,1.0574018126888216,0.7211538461538461,True,1.148648648648649,0.9341825902335456,False,,0,0.0,,0,0.0,0,0.0,0.0,,0.0,0.0,0.0,0.0,,,,,,,
2013-08-25,2,True,Man City,3,2,3,3,0,0.0,0.0,0,0.0,2,2.0,0.0,,0.0,0.0,0.0,0.0,,,,,,,0.8894230769230769,0.4531722054380664,True,1.061571125265393,0.6418918918918919,False,-0.9876836161033176,3,3.0,1.0,4,4.0,0,0.0,,,,,,,0.0,,0.0,0.0,0.0,0.0,1.0557997275587188
2013-08-31,3,True,Everton,0,0,1,4,3,3.0,0.5,3,3.0,4,4.0,3.0,1.0,3.0,2.0,3.0,2.0,,,,,,,0.8894230769230769,0.4531722054380664,True,0.9341825902335456,0.7770270270270271,False,0.0813804217496555,2,2.0,0.3333333333333333,2,2.0,2,2.0,,,,,,,1.0,0.3333333333333333,2.0,2.0,2.0,2.0,-0.4611557232480485
2013-09-14,4,False,Hull,1,1,1,5,4,4.0,0.4444444444444444,3,3.0,4,4.0,,,,,,,0.0,0.0,0.0,2.0,0.0,2.0,1.0574018126888216,0.7211538461538461,True,0.8413461538461537,0.6646525679758308,True,-0.1018946203741993,3,3.0,0.3333333333333333,1,1.0,4,4.0,3.0,1.0,1.0,0.0,1.0,0.0,,,,,,,-0.6113677222451958
2013-09-22,5,True,Spurs,0,1,0,5,5,5.0,0.4166666666666667,4,4.0,5,5.0,4.0,0.6666666666666666,3.0,2.0,3.0,2.0,,,,,,,0.8894230769230769,0.4531722054380664,True,1.5711252653927814,0.945945945945946,False,-0.186219716424009,9,9.0,0.75,4,4.0,1,1.0,,,,,,,3.0,0.5,1.0,1.0,1.0,1.0,1.4690666517894038
2013-09-28,6,False,Fulham,2,1,3,8,5,5.0,0.3333333333333333,4,4.0,6,6.0,,,,,,,1.0,0.1666666666666666,1.0,3.0,1.0,3.0,1.0574018126888216,0.7211538461538461,True,0.945945945945946,1.2738853503184715,False,-0.6618129362093954,4,4.0,0.2666666666666666,3,3.0,7,7.0,1.0,0.1666666666666666,2.0,4.0,2.0,4.0,,,,,,,-1.0012041855475469
2013-10-05,7,True,Newcastle,1,2,0,8,8,8.0,0.5333333333333333,6,6.0,7,5.0,4.0,0.4444444444444444,3.0,3.0,3.0,3.0,,,,,,,0.8894230769230769,0.4531722054380664,True,0.8917197452229301,1.25,False,-0.1118954560325168,7,7.0,0.4666666666666667,7,7.0,11,7.0,,,,,,,3.0,0.3333333333333333,4.0,8.0,4.0,8.0,-0.3916340961138085
2013-10-19,8,False,Chelsea,1,4,0,8,8,5.0,0.3333333333333333,7,4.0,9,5.0,,,,,,,4.0,0.4444444444444444,3.0,4.0,3.0,4.0,1.0574018126888216,0.7211538461538461,True,1.3851351351351353,0.6794055201698513,False,-0.4520867948962036,14,8.0,0.5333333333333333,10,6.0,4,3.0,9.0,1.0,6.0,1.0,6.0,1.0,,,,,,,1.0548691880911412
2013-10-26,9,False,Norwich,0,0,1,9,8,4.0,0.2666666666666666,8,5.0,13,9.0,,,,,,,4.0,0.3333333333333333,4.0,8.0,4.0,8.0,1.0574018126888216,0.7211538461538461,True,0.8445945945945946,0.8492569002123141,False,-0.6632642731029608,7,3.0,0.2,6,3.0,13,10.0,4.0,0.3333333333333333,4.0,6.0,4.0,6.0,,,,,,,-0.8738243598023134
2013-11-04,10,True,Swansea,1,0,3,12,9,4.0,0.2666666666666666,8,4.0,13,8.0,4.0,0.3333333333333333,4.0,5.0,4.0,5.0,,,,,,,0.8894230769230769,0.4531722054380664,True,0.8067940552016986,0.8445945945945946,False,-0.6464676418068483,11,7.0,0.4666666666666667,12,7.0,11,4.0,,,,,,,6.0,0.5,4.0,3.0,4.0,3.0,-0.2822605196621451
2013-11-09,11,False,Aston Villa,0,2,0,12,12,7.0,0.4666666666666667,9,5.0,13,7.0,,,,,,,5.0,0.4166666666666667,4.0,8.0,4.0,8.0,1.0574018126888216,0.7211538461538461,True,0.7770270270270271,1.18895966029724,False,-0.3248931448269656,11,5.0,0.3333333333333333,9,3.0,12,6.0,3.0,0.2,4.0,9.0,4.0,9.0,,,,,,,-0.4958895368411579
2013-11-25,12,True,Man Utd,2,2,1,13,12,4.0,0.2666666666666666,9,3.0,15,8.0,7.0,0.4666666666666667,5.0,5.0,5.0,5.0,,,,,,,0.8894230769230769,0.4531722054380664,True,1.7409766454352442,0.8108108108108107,False,-0.5600863831102535,20,13.0,0.8666666666666667,18,10.0,13,5.0,,,,,,,9.0,0.75,10.0,8.0,10.0,8.0,0.8185877906996012
2013-11-30,13,True,Arsenal,0,3,0,13,13,5.0,0.3333333333333333,11,4.0,17,8.0,5.0,0.3333333333333333,7.0,7.0,4.0,5.0,,,,,,,0.8894230769230769,0.4531722054380664,True,1.061571125265393,0.4729729729729729,False,-0.5919205595148082,28,12.0,0.8,24,10.0,10,2.0,,,,,,,10.0,0.8333333333333334,11.0,5.0,8.0,4.0,1.8744151051302247
2013-12-05,14,False,Stoke,0,0,1,14,13,5.0,0.3333333333333333,11,3.0,20,7.0,,,,,,,5.0,0.4166666666666667,4.0,10.0,4.0,8.0,1.0574018126888216,0.7211538461538461,True,0.7094594594594595,0.9341825902335456,False,-0.753778361444409,13,5.0,0.3333333333333333,12,8.0,18,11.0,6.0,0.4,5.0,3.0,3.0,2.0,,,,,,,-0.753778361444409
2013-12-07,15,False,Crystal Palace,0,2,0,14,14,5.0,0.3333333333333333,11,3.0,20,7.0,,,,,,,5.0,0.4166666666666667,4.0,10.0,3.0,7.0,1.0574018126888216,0.7211538461538461,True,1.25,0.9365558912386708,True,-0.7420308523526579,10,7.0,0.4666666666666667,8,2.0,22,3.0,4.0,0.2666666666666666,5.0,10.0,2.0,8.0,,,,,,,-1.2866406522445168
2013-12-14,16,True,West Brom,1,0,3,17,14,2.0,0.1333333333333333,11,2.0,22,9.0,4.0,0.2666666666666666,7.0,10.0,4.0,8.0,,,,,,,0.8894230769230769,0.4531722054380664,True,0.8917197452229301,1.0810810810810811,False,-0.9230266939448056,15,2.0,0.1333333333333333,17,7.0,21,11.0,,,,,,,5.0,0.4166666666666667,7.0,10.0,6.0,9.0,-0.7872874742470403
2013-12-21,17,False,Liverpool,1,3,0,17,17,5.0,0.3333333333333333,12,3.0,22,7.0,,,,,,,2.0,0.1666666666666666,4.0,12.0,1.0,8.0,1.0574018126888216,0.7211538461538461,True,1.114864864864865,0.6794055201698513,False,-0.6477556377802575,33,10.0,0.6666666666666666,39,18.0,18,8.0,15.0,1.0,22.0,5.0,20.0,4.0,,,,,,,1.384418912118589
2013-12-26,18,True,Southampton,0,3,0,17,17,4.0,0.2666666666666666,13,2.0,25,8.0,7.0,0.4666666666666667,8.0,10.0,5.0,7.0,,,,,,,0.8894230769230769,0.4531722054380664,True,0.9766454352441614,1.2162162162162162,False,-0.7427129505770605,24,2.0,0.1333333333333333,22,7.0,18,11.0,,,,,,,3.0,0.25,6.0,9.0,4.0,8.0,0.0633321120647106
2013-12-29,19,True,Sunderland,2,2,1,18,17,4.0,0.2666666666666666,13,2.0,28,8.0,7.0,0.4666666666666667,8.0,13.0,4.0,8.0,,,,,,,0.8894230769230769,0.4531722054380664,True,0.8917197452229301,1.1824324324324325,False,-0.8764121172420011,13,5.0,0.3333333333333333,13,5.0,30,6.0,,,,,,,5.0,0.4166666666666667,3.0,14.0,1.0,3.0,-1.3201650879974447
2014-01-01,20,False,Arsenal,0,2,0,18,18,4.0,0.2666666666666666,15,4.0,30,10.0,,,,,,,2.0,0.1666666666666666,5.0,15.0,1.0,7.0,1.0574018126888216,0.7211538461538461,True,1.587837837837838,0.9766454352441614,False,-0.8448539016197434,42,8.0,0.5333333333333333,37,8.0,18,8.0,11.0,0.7333333333333333,16.0,6.0,7.0,1.0,,,,,,,1.6129029030922373
2014-01-11,21,True,West Ham,0,2,0,18,18,4.0,0.2666666666666666,15,4.0,32,10.0,5.0,0.3333333333333333,10.0,15.0,5.0,10.0,,,,,,,0.8894230769230769,0.4531722054380664,True,0.4670912951167728,1.0472972972972974,False,-0.9298072625699582,15,2.0,0.1333333333333333,19,6.0,30,11.0,,,,,,,0.0,0.0,7.0,14.0,4.0,13.0,-1.2188665151823803
2014-01-18,22,False,Man City,2,4,0,18,18,1.0,0.0666666666666666,15,3.0,34,12.0,,,,,,,1.0,0.0833333333333333,5.0,17.0,1.0,9.0,1.0574018126888216,0.7211538461538461,True,1.3851351351351353,0.6369426751592357,False,-0.9821937798124588,47,15.0,1.0,59,12.0,23,5.0,15.0,1.0,38.0,6.0,18.0,4.0,,,,,,,1.5723909389822774
2014-01-29,23,False,Man Utd,0,2,0,18,18,1.0,0.0666666666666666,17,4.0,38,13.0,,,,,,,1.0,0.0833333333333333,7.0,21.0,3.0,11.0,1.0574018126888216,0.7211538461538461,True,1.5202702702702702,0.8067940552016986,False,-1.0369399580684018,37,9.0,0.6,36,8.0,27,7.0,6.0,0.4,14.0,10.0,6.0,5.0,,,,,,,0.539208778195569
2014-02-01,24,True,Norwich,2,1,3,21,18,1.0,0.0666666666666666,17,4.0,40,12.0,4.0,0.2666666666666666,10.0,17.0,3.0,10.0,,,,,,,0.8894230769230769,0.4531722054380664,True,0.6794055201698513,1.2837837837837838,False,-1.132727266460028,24,5.0,0.3333333333333333,18,2.0,35,4.0,,,,,,,5.0,0.4166666666666667,7.0,24.0,4.0,8.0,-0.6420150932643481
2014-02-09,25,False,Swansea,0,3,0,21,21,3.0,0.2,19,4.0,41,11.0,,,,,,,0.0,0.0,7.0,23.0,3.0,13.0,1.0574018126888216,0.7211538461538461,True,0.945945945945946,1.1040339702760085,False,-0.9919332127600536,24,3.0,0.2,29,5.0,35,10.0,4.0,0.2666666666666666,21.0,20.0,7.0,9.0,,,,,,,-0.7490107933086119
2014-02-12,26,True,Aston Villa,0,0,1,22,21,3.0,0.2,19,4.0,44,12.0,7.0,0.4666666666666667,12.0,18.0,5.0,8.0,,,,,,,0.8894230769230769,0.4531722054380664,True,1.019108280254777,1.3851351351351353,False,-1.0916742084154905,27,4.0,0.2666666666666666,27,8.0,36,11.0,,,,,,,4.0,0.3333333333333333,15.0,15.0,5.0,8.0,-0.6100532341145388
2014-02-22,27,True,Hull,0,4,0,22,22,4.0,0.2666666666666666,19,4.0,44,10.0,5.0,0.3333333333333333,12.0,18.0,4.0,8.0,,,,,,,0.8894230769230769,0.4531722054380664,True,0.7854984894259819,0.7211538461538461,True,-1.0582279837497903,27,4.0,0.2666666666666666,25,3.0,31,4.0,,,,,,,4.0,0.3333333333333333,9.0,21.0,3.0,5.0,-0.6734178078407757
2014-03-03,28,False,Spurs,0,1,0,22,22,4.0,0.2666666666666666,19,2.0,48,10.0,,,,,,,0.0,0.0,7.0,26.0,3.0,14.0,1.0574018126888216,0.7211538461538461,True,0.9797297297297298,0.7643312101910827,False,-1.128237213623548,50,7.0,0.4666666666666667,36,7.0,33,7.0,10.0,0.6666666666666666,15.0,18.0,8.0,6.0,,,,,,,0.9164645327492246
2014-03-08,29,True,Fulham,3,1,3,25,22,4.0,0.2666666666666666,19,2.0,49,9.0,5.0,0.3333333333333333,12.0,22.0,4.0,9.0,,,,,,,0.8894230769230769,0.4531722054380664,True,0.9341825902335456,1.0135135135135136,False,-1.1543219447113051,21,2.0,0.1333333333333333,28,6.0,62,12.0,,,,,,,2.0,0.1666666666666666,11.0,31.0,3.0,13.0,-1.2228276981066348
2014-03-15,30,False,Everton,1,2,0,25,25,4.0,0.2666666666666666,22,3.0,50,9.0,,,,,,,0.0,0.0,7.0,27.0,2.0,12.0,1.0574018126888216,0.7211538461538461,True,1.114864864864865,0.7218683651804672,False,-1.0088588630565447,48,6.0,0.4,38,3.0,27,7.0,12.0,0.8,24.0,10.0,7.0,3.0,,,,,,,0.7704144080083123
2014-03-22,31,True,Liverpool,3,6,0,25,25,4.0,0.2666666666666666,23,4.0,52,8.0,7.0,0.4666666666666667,15.0,23.0,5.0,8.0,,,,,,,0.8894230769230769,0.4531722054380664,True,1.6135881104033971,0.9121621621621622,False,-1.073788384184643,62,15.0,1.0,76,18.0,35,6.0,,,,,,,13.0,1.0833333333333333,34.0,23.0,15.0,6.0,1.4229182009885466
2014-03-29,32,False,West Brom,3,3,1,26,25,3.0,0.2,26,7.0,58,14.0,,,,,,,0.0,0.0,8.0,29.0,3.0,12.0,1.0574018126888216,0.7211538461538461,True,1.0810810810810811,1.061571125265393,False,-1.126879767917932,28,5.0,0.3333333333333333,33,4.0,45,8.0,4.0,0.2666666666666666,16.0,19.0,4.0,7.0,,,,,,,-0.8797302424645267
2014-04-05,33,True,Crystal Palace,0,3,0,26,26,4.0,0.2666666666666666,29,10.0,61,13.0,7.0,0.4666666666666667,18.0,29.0,8.0,12.0,,,,,,,0.8894230769230769,0.4531722054380664,True,0.6344410876132931,0.7451923076923076,True,-1.1517109822486025,31,5.0,0.3333333333333333,20,2.0,39,3.0,,,,,,,2.0,0.1666666666666666,6.0,21.0,1.0,6.0,-0.7533284636357446
2014-04-12,34,False,Southampton,1,0,3,29,26,4.0,0.2666666666666666,29,10.0,64,15.0,,,,,,,1.0,0.0833333333333333,11.0,32.0,4.0,11.0,1.0574018126888216,0.7211538461538461,True,0.8783783783783784,1.019108280254777,False,-1.198319210440956,48,9.0,0.6,50,12.0,44,9.0,8.0,0.5333333333333333,29.0,21.0,12.0,9.0,,,,,,,0.1264557960766839
2014-04-19,35,True,Stoke,1,1,1,30,29,4.0,0.2666666666666666,30,8.0,64,14.0,4.0,0.2666666666666666,18.0,32.0,6.0,14.0,,,,,,,0.8894230769230769,0.4531722054380664,True,0.5520169851380042,0.7770270270270271,False,-1.085802818362247,43,12.0,0.8,38,9.0,48,5.0,,,,,,,5.0,0.4166666666666667,15.0,33.0,7.0,8.0,-0.2573973983583529
2014-04-27,36,False,Sunderland,0,4,0,30,30,5.0,0.3333333333333333,31,8.0,65,13.0,,,,,,,4.0,0.3333333333333333,12.0,32.0,5.0,9.0,1.0574018126888216,0.7211538461538461,True,0.6756756756756757,0.8067940552016986,False,-1.093070376851862,29,4.0,0.2666666666666666,33,6.0,57,11.0,4.0,0.2666666666666666,14.0,24.0,2.0,5.0,,,,,,,-1.085802818362247
2014-05-03,37,False,Newcastle,0,3,0,30,30,5.0,0.3333333333333333,31,5.0,69,11.0,,,,,,,4.0,0.3333333333333333,12.0,36.0,5.0,10.0,1.0574018126888216,0.7211538461538461,True,0.8108108108108107,1.316348195329087,False,-1.138348632369706,46,0.0,0.0,39,1.0,57,14.0,6.0,0.4,20.0,28.0,3.0,9.0,,,,,,,-0.2411280354280656
2014-05-11,38,True,Chelsea,1,2,0,30,30,4.0,0.2666666666666666,31,2.0,72,11.0,4.0,0.2666666666666666,19.0,33.0,7.0,15.0,,,,,,,0.8894230769230769,0.4531722054380664,True,1.4437367303609343,0.7770270270270271,False,-1.192626093869085,79,10.0,0.6666666666666666,69,7.0,26,2.0,,,,,,,9.0,0.75,26.0,15.0,6.0,3.0,1.500400569706268
