Date,Round,isHome,Rival,Goal,Conceded,Points,CumPoints,bCumPoints,b5MatchPoints,b5MatchPointRatio,bCumGoal,b5MatchGoal,bCumConceded,b5MatchConceded,b5HomeMatchPoints,b5HomeMatchPointRatio,bHomeCumGoal,bHomeCumConceded,b5HomeMatchGoal,b5HomeMatchConceded,b5AwayMatchPoints,b5AwayMatchPointRatio,bAwayCumGoal,bAwayCumConceded,b5AwayMatchGoal,b5AwayMatchConceded,SelfAS,SelfDS,SelfFromCL,RivalAS,RivalDS,RivalFromCL,bStdCumPoints,bRivalCumPoints,bRival5MatchPoints,bRival5MatchPointRatio,bRivalCumGoal,bRival5MatchGoal,bRivalCumConceded,bRival5MatchConceded,bRival5HomeMatchPoints,bRival5HomeMatchPointRatio,bRivalHomeCumGoal,bRivalHomeCumConceded,bRival5HomeMatchGoal,bRival5HomeMatchConceded,bRival5AwayMatchPoints,bRival5AwayMatchPointRatio,bRivalAwayCumGoal,bRivalAwayCumConceded,bRival5AwayMatchGoal,bRival5AwayMatchConceded,bRivalStdCumPoints
2013-08-17,1,True,Fulham,0,1,0,0,0,0.0,,0,0.0,0,0.0,0.0,,0.0,0.0,0.0,0.0,,,,,,,0.6756756756756757,0.8067940552016986,False,0.9341825902335456,1.0135135135135136,False,,0,0.0,,0,0.0,0,0.0,,,,,,,0.0,,0.0,0.0,0.0,0.0,
2013-08-24,2,False,Southampton,1,1,1,1,0,0.0,0.0,0,0.0,1,1.0,,,,,,,0.0,,0.0,0.0,0.0,0.0,0.8917197452229301,1.1824324324324325,False,0.8783783783783784,1.019108280254777,False,-0.9876836161033176,3,3.0,1.0,1,1.0,0,0.0,0.0,,0.0,0.0,0.0,0.0,,,,,,,1.0557997275587188
2013-09-01,3,False,Crystal Palace,1,3,0,1,1,1.0,0.1666666666666666,1,1.0,2,2.0,,,,,,,1.0,0.3333333333333333,1.0,1.0,1.0,1.0,0.8917197452229301,1.1824324324324325,False,1.25,0.9365558912386708,True,-1.0036918682457523,0,0.0,0.0,1,1.0,3,3.0,0.0,0.0,0.0,1.0,0.0,1.0,,,,,,,-1.5462280132434567
2013-09-14,4,True,Arsenal,1,3,0,1,1,1.0,0.1111111111111111,2,2.0,5,5.0,0.0,0.0,0.0,1.0,0.0,1.0,,,,,,,0.6756756756756757,0.8067940552016986,False,1.061571125265393,0.4729729729729729,False,-1.6303139259871884,6,6.0,0.6666666666666666,5,5.0,4,4.0,,,,,,,3.0,1.0,3.0,1.0,3.0,1.0,0.9170515833677934
2013-09-21,5,False,West Brom,0,3,0,1,1,1.0,0.0833333333333333,3,3.0,8,8.0,,,,,,,1.0,0.1666666666666666,2.0,4.0,2.0,4.0,0.8917197452229301,1.1824324324324325,False,1.0810810810810811,1.061571125265393,False,-1.8415060846374216,2,2.0,0.1666666666666666,1,1.0,4,4.0,0.0,0.0,0.0,3.0,0.0,3.0,,,,,,,-1.4276844925840686
2013-09-29,6,True,Liverpool,1,3,0,1,1,1.0,0.0666666666666666,3,3.0,11,11.0,0.0,0.0,1.0,4.0,1.0,4.0,,,,,,,0.6756756756756757,0.8067940552016986,False,1.6135881104033971,0.9121621621621622,False,-2.019377933562001,10,10.0,0.6666666666666666,5,5.0,3,3.0,,,,,,,4.0,0.6666666666666666,3.0,2.0,3.0,2.0,1.035143310481362
2013-10-06,7,True,Man Utd,1,2,0,1,1,1.0,0.0666666666666666,4,4.0,14,13.0,0.0,0.0,2.0,7.0,2.0,7.0,,,,,,,0.6756756756756757,0.8067940552016986,False,1.7409766454352442,0.8108108108108107,False,-2.070065936601559,7,4.0,0.2666666666666666,8,4.0,8,7.0,,,,,,,3.0,0.3333333333333333,5.0,6.0,5.0,6.0,-0.3916340961138085
2013-10-19,8,False,Swansea,0,4,0,1,1,0.0,0.0,5,4.0,16,14.0,,,,,,,1.0,0.1111111111111111,2.0,7.0,2.0,7.0,0.8917197452229301,1.1824324324324325,False,0.945945945945946,1.1040339702760085,False,-2.210202108381439,7,7.0,0.4666666666666667,8,7.0,11,6.0,1.0,0.1111111111111111,4.0,8.0,4.0,8.0,,,,,,,-0.7032461253940945
2013-10-27,9,True,Newcastle,2,1,3,4,1,0.0,0.0,5,3.0,20,15.0,0.0,0.0,3.0,9.0,3.0,9.0,,,,,,,0.6756756756756757,0.8067940552016986,False,0.8917197452229301,1.25,False,-2.137184879998429,11,7.0,0.4666666666666667,11,10.0,14,10.0,,,,,,,6.0,0.5,6.0,9.0,6.0,9.0,-0.0315840130049029
2013-11-02,10,False,Hull,0,1,0,4,4,3.0,0.2,7,4.0,21,13.0,,,,,,,1.0,0.0833333333333333,2.0,11.0,2.0,11.0,0.8917197452229301,1.1824324324324325,False,0.8413461538461537,0.6646525679758308,True,-1.5569854471686064,11,7.0,0.4666666666666667,7,5.0,10,5.0,8.0,0.6666666666666666,3.0,1.0,3.0,1.0,,,,,,,-0.2822605196621451
2013-11-10,11,True,Man City,1,0,3,7,4,3.0,0.2,7,4.0,22,11.0,3.0,0.2,5.0,10.0,5.0,10.0,,,,,,,0.6756756756756757,0.8067940552016986,False,1.061571125265393,0.6418918918918919,False,-1.6928642809405046,19,9.0,0.6,28,16.0,11,7.0,,,,,,,4.0,0.3333333333333333,8.0,9.0,8.0,9.0,0.872081599272381
2013-11-23,12,False,Stoke,0,2,0,7,7,6.0,0.4,8,4.0,22,8.0,,,,,,,1.0,0.0833333333333333,2.0,12.0,2.0,12.0,0.8917197452229301,1.1824324324324325,False,0.7094594594594595,0.9341825902335456,False,-1.421757741741413,10,3.0,0.2,10,6.0,14,8.0,6.0,0.4,3.0,3.0,3.0,3.0,,,,,,,-0.904754926562717
2013-11-30,13,False,Aston Villa,0,0,1,8,7,6.0,0.4,8,3.0,24,8.0,,,,,,,0.0,0.0,2.0,14.0,1.0,13.0,0.8917197452229301,1.1824324324324325,False,0.7770270270270271,1.18895966029724,False,-1.5784548253728212,15,5.0,0.3333333333333333,13,4.0,14,6.0,6.0,0.4,6.0,9.0,6.0,8.0,,,,,,,-0.2630758042288037
2013-12-05,14,True,Chelsea,3,4,0,8,8,7.0,0.4666666666666667,8,3.0,24,4.0,6.0,0.4,6.0,10.0,6.0,9.0,,,,,,,0.6756756756756757,0.8067940552016986,False,1.4437367303609343,0.7770270270270271,False,-1.507556722888818,27,10.0,0.6666666666666666,24,10.0,11,6.0,,,,,,,7.0,0.5833333333333334,7.0,5.0,7.0,5.0,1.3568010505999364
2013-12-08,15,True,Spurs,1,2,0,8,8,4.0,0.2666666666666666,11,4.0,28,7.0,6.0,0.4,9.0,14.0,8.0,10.0,,,,,,,0.6756756756756757,0.8067940552016986,False,1.5711252653927814,0.945945945945946,False,-1.5589455521904465,24,5.0,0.3333333333333333,13,4.0,15,10.0,,,,,,,10.0,0.8333333333333334,6.0,8.0,5.0,7.0,0.6194936473769898
2013-12-14,16,False,West Ham,0,0,1,9,8,4.0,0.2666666666666666,12,5.0,30,8.0,,,,,,,1.0,0.0833333333333333,2.0,14.0,0.0,10.0,0.8917197452229301,1.1824324324324325,False,1.148648648648649,0.9341825902335456,False,-1.737462012131399,13,3.0,0.2,13,5.0,19,11.0,4.0,0.2666666666666666,8.0,10.0,6.0,9.0,,,,,,,-1.058765913642571
2013-12-21,17,True,Norwich,0,0,1,10,9,2.0,0.1333333333333333,12,4.0,30,8.0,6.0,0.4,10.0,16.0,8.0,9.0,,,,,,,0.6756756756756757,0.8067940552016986,False,0.6794055201698513,1.2837837837837838,False,-1.6638429127296808,18,7.0,0.4666666666666667,15,6.0,29,8.0,,,,,,,3.0,0.25,6.0,21.0,5.0,18.0,-0.5207447284115796
2013-12-26,18,False,Everton,1,0,3,13,10,3.0,0.2,12,4.0,30,6.0,,,,,,,2.0,0.1666666666666666,2.0,14.0,0.0,7.0,0.8917197452229301,1.1824324324324325,False,1.114864864864865,0.7218683651804672,False,-1.548758013218832,34,13.0,0.8666666666666667,29,12.0,16,3.0,11.0,0.7333333333333333,17.0,7.0,13.0,5.0,,,,,,,1.2148250586958125
2013-12-29,19,False,Cardiff,2,2,1,14,13,5.0,0.3333333333333333,13,5.0,30,6.0,,,,,,,5.0,0.4166666666666667,3.0,14.0,1.0,3.0,0.8917197452229301,1.1824324324324325,False,0.8894230769230769,0.4531722054380664,True,-1.3201650879974447,17,4.0,0.2666666666666666,13,2.0,28,8.0,7.0,0.4666666666666667,8.0,13.0,4.0,8.0,,,,,,,-0.8764121172420011
2014-01-01,20,True,Aston Villa,0,1,0,14,14,6.0,0.4,15,4.0,32,4.0,7.0,0.4666666666666667,10.0,16.0,7.0,7.0,,,,,,,0.6756756756756757,0.8067940552016986,False,1.019108280254777,1.3851351351351353,False,-1.254480035738407,20,1.0,0.0666666666666666,18,2.0,25,9.0,,,,,,,5.0,0.4166666666666667,11.0,11.0,6.0,8.0,-0.6400408345604116
2014-01-11,21,False,Fulham,4,1,3,17,14,6.0,0.4,15,3.0,33,3.0,,,,,,,6.0,0.5,5.0,16.0,3.0,4.0,0.8917197452229301,1.1824324324324325,False,0.945945945945946,1.2738853503184715,False,-1.3152195993865212,19,6.0,0.4,21,7.0,42,16.0,6.0,0.4,13.0,18.0,8.0,9.0,,,,,,,-0.8334541783658174
2014-01-18,22,True,Southampton,2,2,1,18,17,8.0,0.5333333333333333,19,7.0,34,4.0,4.0,0.2666666666666666,10.0,17.0,5.0,7.0,,,,,,,0.6756756756756757,0.8067940552016986,False,0.9766454352441614,1.2162162162162162,False,-1.0702829080467602,30,6.0,0.4,27,7.0,23,8.0,,,,,,,4.0,0.3333333333333333,10.0,11.0,6.0,8.0,0.0748757589991561
2014-01-30,23,True,Stoke,1,0,3,21,18,8.0,0.5333333333333333,21,9.0,36,6.0,2.0,0.1333333333333333,12.0,19.0,6.0,9.0,,,,,,,0.6756756756756757,0.8067940552016986,False,0.5520169851380042,0.7770270270270271,False,-1.0369399580684018,22,1.0,0.0666666666666666,22,5.0,36,15.0,,,,,,,1.0,0.0833333333333333,8.0,24.0,1.0,13.0,-0.7051191714865133
2014-02-01,24,False,Newcastle,3,0,3,24,21,8.0,0.5333333333333333,22,9.0,36,6.0,,,,,,,9.0,0.75,9.0,17.0,7.0,3.0,0.8917197452229301,1.1824324324324325,False,0.8108108108108107,1.316348195329087,False,-0.8873711798621882,37,4.0,0.2666666666666666,32,3.0,28,5.0,7.0,0.4666666666666667,17.0,12.0,8.0,6.0,,,,,,,0.4211946153262919
2014-02-08,25,True,Hull,0,2,0,24,24,10.0,0.6666666666666666,25,10.0,36,4.0,5.0,0.3333333333333333,13.0,19.0,4.0,5.0,,,,,,,0.6756756756756757,0.8067940552016986,False,0.7854984894259819,0.7211538461538461,True,-0.7490107933086119,24,1.0,0.0666666666666666,23,1.0,30,7.0,,,,,,,2.0,0.1666666666666666,7.0,21.0,2.0,6.0,-0.7490107933086119
2014-02-22,26,False,Arsenal,1,4,0,24,24,10.0,0.6666666666666666,25,10.0,38,5.0,,,,,,,11.0,0.9166666666666666,12.0,17.0,10.0,3.0,0.8917197452229301,1.1824324324324325,False,1.587837837837838,0.9766454352441614,False,-0.8508637212650146,56,8.0,0.5333333333333333,48,7.0,26,7.0,11.0,0.7333333333333333,22.0,6.0,6.0,0.0,,,,,,,1.5584812124315093
2014-03-15,27,True,Crystal Palace,0,0,1,25,24,7.0,0.4666666666666667,26,7.0,42,8.0,5.0,0.3333333333333333,13.0,21.0,3.0,5.0,,,,,,,0.6756756756756757,0.8067940552016986,False,0.6344410876132931,0.7451923076923076,True,-0.9043039133861844,27,4.0,0.2666666666666666,19,4.0,38,7.0,,,,,,,4.0,0.3333333333333333,6.0,20.0,2.0,6.0,-0.8117931777346568
2014-03-22,28,False,Norwich,0,2,0,25,25,7.0,0.4666666666666667,26,5.0,42,6.0,,,,,,,10.0,0.8333333333333334,13.0,21.0,11.0,7.0,0.8917197452229301,1.1824324324324325,False,0.8445945945945946,0.8492569002123141,False,-0.9091620265121794,29,4.0,0.2666666666666666,24,5.0,48,11.0,9.0,0.6,13.0,12.0,3.0,1.0,,,,,,,-0.815044195224488
2014-03-27,29,False,Liverpool,1,2,0,25,25,4.0,0.2666666666666666,26,4.0,44,8.0,,,,,,,7.0,0.5833333333333334,13.0,23.0,10.0,9.0,0.8917197452229301,1.1824324324324325,False,1.114864864864865,0.6794055201698513,False,-0.9488046845253162,65,15.0,1.0,82,19.0,38,8.0,13.0,0.8666666666666667,42.0,12.0,17.0,6.0,,,,,,,1.513653505416906
2014-04-01,30,True,West Ham,1,2,0,25,25,1.0,0.0666666666666666,27,2.0,46,10.0,5.0,0.3333333333333333,13.0,21.0,3.0,5.0,,,,,,,0.6756756756756757,0.8067940552016986,False,0.4670912951167728,1.0472972972972974,False,-1.0088588630565447,34,6.0,0.4,34,6.0,41,8.0,,,,,,,7.0,0.5833333333333334,12.0,18.0,5.0,4.0,-0.5665528114946509
2014-04-08,31,False,Spurs,1,5,0,25,25,1.0,0.0666666666666666,28,3.0,48,10.0,,,,,,,6.0,0.5,14.0,25.0,9.0,9.0,0.8917197452229301,1.1824324324324325,False,0.9797297297297298,0.7643312101910827,False,-1.073788384184643,56,6.0,0.4,40,4.0,44,11.0,9.0,0.6,19.0,21.0,6.0,8.0,,,,,,,0.7108943798785178
2014-04-12,32,True,Everton,0,1,0,25,25,1.0,0.0666666666666666,29,3.0,53,11.0,5.0,0.3333333333333333,14.0,23.0,4.0,6.0,,,,,,,0.6756756756756757,0.8067940552016986,False,0.9341825902335456,0.7770270270270271,False,-1.126879767917932,63,15.0,1.0,52,14.0,31,4.0,,,,,,,6.0,0.5,20.0,18.0,6.0,7.0,1.145502297708179
2014-04-17,33,False,Man City,2,2,1,26,25,0.0,0.0,29,3.0,54,12.0,,,,,,,3.0,0.25,15.0,30.0,6.0,13.0,0.8917197452229301,1.1824324324324325,False,1.3851351351351353,0.6369426751592357,False,-1.2137978276528398,70,10.0,0.6666666666666666,86,15.0,32,5.0,12.0,0.8,52.0,10.0,14.0,4.0,,,,,,,1.5801102155378406
2014-04-20,34,False,Chelsea,2,1,3,29,26,1.0,0.0666666666666666,31,5.0,56,12.0,,,,,,,1.0,0.0833333333333333,17.0,32.0,5.0,15.0,0.8917197452229301,1.1824324324324325,False,1.3851351351351353,0.6794055201698513,False,-1.198319210440956,75,9.0,0.6,66,10.0,24,2.0,15.0,1.0,42.0,9.0,17.0,0.0,,,,,,,1.636100704507691
2014-04-27,35,True,Cardiff,4,0,3,32,29,4.0,0.2666666666666666,33,6.0,57,11.0,4.0,0.2666666666666666,14.0,24.0,2.0,5.0,,,,,,,0.6756756756756757,0.8067940552016986,False,1.0574018126888216,0.7211538461538461,True,-1.085802818362247,30,5.0,0.3333333333333333,31,8.0,65,13.0,,,,,,,4.0,0.3333333333333333,12.0,32.0,5.0,9.0,-1.093070376851862
2014-05-03,36,False,Man Utd,1,0,3,35,32,7.0,0.4666666666666667,37,9.0,57,9.0,,,,,,,4.0,0.3333333333333333,19.0,33.0,6.0,12.0,0.8917197452229301,1.1824324324324325,False,1.5202702702702702,0.8067940552016986,False,-0.9783123320380184,60,9.0,0.6,60,12.0,40,6.0,7.0,0.4666666666666667,26.0,19.0,10.0,9.0,,,,,,,0.628300295355795
2014-05-08,37,True,West Brom,2,0,3,38,35,10.0,0.6666666666666666,38,9.0,57,4.0,4.0,0.2666666666666666,18.0,24.0,5.0,5.0,,,,,,,0.6756756756756757,0.8067940552016986,False,0.8917197452229301,1.0810810810810811,False,-0.8579671958254435,36,7.0,0.4666666666666667,42,6.0,55,7.0,,,,,,,6.0,0.5,19.0,30.0,4.0,7.0,-0.8018909085165908
2014-05-11,38,True,Swansea,1,3,0,38,38,13.0,0.8666666666666667,40,11.0,57,3.0,7.0,0.4666666666666667,20.0,24.0,7.0,3.0,,,,,,,0.6756756756756757,0.8067940552016986,False,0.8067940552016986,0.8445945945945946,False,-0.7529482712445376,39,6.0,0.4,51,6.0,53,5.0,,,,,,,4.0,0.3333333333333333,18.0,27.0,9.0,11.0,-0.6979885434164692
