Date,Round,isHome,Rival,Goal,Conceded,Points,CumPoints,bCumPoints,b5MatchPoints,b5MatchPointRatio,bCumGoal,b5MatchGoal,bCumConceded,b5MatchConceded,b5HomeMatchPoints,b5HomeMatchPointRatio,bHomeCumGoal,bHomeCumConceded,b5HomeMatchGoal,b5HomeMatchConceded,b5AwayMatchPoints,b5AwayMatchPointRatio,bAwayCumGoal,bAwayCumConceded,b5AwayMatchGoal,b5AwayMatchConceded,SelfAS,SelfDS,SelfFromCL,RivalAS,RivalDS,RivalFromCL,bStdCumPoints,bRivalCumPoints,bRival5MatchPoints,bRival5MatchPointRatio,bRivalCumGoal,bRival5MatchGoal,bRivalCumConceded,bRival5MatchConceded,bRival5HomeMatchPoints,bRival5HomeMatchPointRatio,bRivalHomeCumGoal,bRivalHomeCumConceded,bRival5HomeMatchGoal,bRival5HomeMatchConceded,bRival5AwayMatchPoints,bRival5AwayMatchPointRatio,bRivalAwayCumGoal,bRivalAwayCumConceded,bRival5AwayMatchGoal,bRival5AwayMatchConceded,bRivalStdCumPoints
2015-08-08,1,True,Watford,2,2,1,1,0,0.0,,0,0.0,0,0.0,0.0,,0.0,0.0,0.0,0.0,,,,,,,0.9642857142857144,1.0120481927710845,False,1.3050075872534144,0.6871165644171778,True,,0,0.0,,0,0.0,0,0.0,,,,,,,0.0,,0.0,0.0,0.0,0.0,
2015-08-15,2,False,Southampton,3,0,3,4,1,1.0,0.3333333333333333,2,2.0,2,2.0,,,,,,,0.0,,0.0,0.0,0.0,0.0,1.0120481927710845,1.0357142857142858,False,1.3214285714285716,0.6265060240963856,False,-0.2674048921468828,1,1.0,0.3333333333333333,2,2.0,2,2.0,0.0,,0.0,0.0,0.0,0.0,,,,,,,-0.2674048921468828
2015-08-23,3,True,Man City,0,2,0,4,4,4.0,0.6666666666666666,5,5.0,2,2.0,1.0,0.3333333333333333,2.0,2.0,2.0,2.0,,,,,,,0.9642857142857144,1.0120481927710845,False,1.879518072289157,0.8571428571428571,False,0.610128718625452,6,6.0,1.0,6,6.0,0,0.0,,,,,,,3.0,1.0,3.0,0.0,3.0,0.0,1.5863346684261752
2015-08-30,4,False,Spurs,0,0,1,5,4,4.0,0.4444444444444444,5,5.0,4,4.0,,,,,,,3.0,1.0,3.0,0.0,3.0,0.0,1.0120481927710845,1.0357142857142858,False,1.1071428571428572,1.1566265060240963,False,0.0223665664882168,2,2.0,0.2222222222222222,3,3.0,4,4.0,1.0,0.3333333333333333,2.0,2.0,2.0,2.0,,,,,,,-0.8722960930404591
2015-09-12,5,True,Chelsea,3,1,3,8,5,5.0,0.4166666666666667,5,5.0,4,4.0,1.0,0.1666666666666666,2.0,4.0,2.0,4.0,,,,,,,0.9642857142857144,1.0120481927710845,False,1.783132530120482,0.8214285714285715,False,-0.1128812467016994,4,4.0,0.3333333333333333,6,6.0,9,9.0,,,,,,,3.0,0.5,3.0,5.0,3.0,5.0,-0.4891520690406979
2015-09-19,6,False,Swansea,0,0,1,9,8,8.0,0.5333333333333333,8,8.0,5,5.0,,,,,,,4.0,0.6666666666666666,3.0,0.0,3.0,0.0,1.0120481927710845,1.0357142857142858,False,0.9642857142857144,1.0602409638554218,False,0.3709466140811395,8,8.0,0.5333333333333333,7,7.0,5,5.0,6.0,1.0,4.0,1.0,4.0,1.0,,,,,,,0.3709466140811395
2015-09-29,7,False,West Brom,3,2,3,12,9,8.0,0.5333333333333333,8,6.0,5,3.0,,,,,,,5.0,0.5555555555555556,3.0,0.0,3.0,0.0,1.0120481927710845,1.0357142857142858,False,0.8571428571428571,1.2530120481927711,False,0.256564790790545,8,8.0,0.5333333333333333,4,4.0,6,3.0,1.0,0.1111111111111111,2.0,6.0,2.0,6.0,,,,,,,-0.0285071989767271
2015-10-04,8,True,Liverpool,1,1,1,13,12,8.0,0.5333333333333333,11,6.0,7,5.0,4.0,0.4444444444444444,5.0,5.0,5.0,5.0,,,,,,,0.9642857142857144,1.0120481927710845,False,1.0602409638554218,1.0,False,0.6547521370800025,11,5.0,0.3333333333333333,7,5.0,9,9.0,,,,,,,4.0,0.4444444444444444,2.0,3.0,2.0,3.0,0.3928512822480015
2015-10-17,9,True,Man Utd,0,3,0,13,13,9.0,0.6,12,7.0,8,4.0,5.0,0.4166666666666667,6.0,6.0,6.0,6.0,,,,,,,0.9642857142857144,1.0120481927710845,False,1.0120481927710845,0.7857142857142858,False,0.5031836966746029,16,9.0,0.6,12,10.0,8,8.0,,,,,,,6.0,0.5,5.0,7.0,5.0,7.0,1.1893432830490618
2015-10-25,10,False,Arsenal,1,2,0,13,13,8.0,0.5333333333333333,12,7.0,11,7.0,,,,,,,8.0,0.6666666666666666,6.0,2.0,6.0,2.0,1.0120481927710845,1.0357142857142858,False,1.4642857142857144,0.6746987951807228,False,0.1641656316344232,19,12.0,0.8,16,13.0,7,4.0,7.0,0.5833333333333334,5.0,2.0,5.0,2.0,,,,,,,1.395407868892596
2015-11-01,11,True,Sunderland,6,2,3,16,13,5.0,0.3333333333333333,13,5.0,13,8.0,5.0,0.3333333333333333,6.0,9.0,6.0,9.0,,,,,,,0.9642857142857144,1.0120481927710845,False,0.7228915662650602,0.9285714285714286,False,-0.1128812467016994,6,4.0,0.2666666666666666,11,5.0,19,8.0,,,,,,,1.0,0.0833333333333333,4.0,12.0,4.0,12.0,-1.4298291248881942
2015-11-07,12,False,West Ham,1,1,1,17,16,7.0,0.4666666666666667,19,11.0,15,10.0,,,,,,,8.0,0.6666666666666666,7.0,4.0,7.0,4.0,1.0120481927710845,1.0357142857142858,False,0.892857142857143,0.8674698795180723,False,0.1622214211307625,20,8.0,0.5333333333333333,22,9.0,15,8.0,7.0,0.4666666666666667,10.0,9.0,10.0,9.0,,,,,,,0.8111071056538127
2015-11-21,13,True,Aston Villa,4,0,3,20,17,5.0,0.3333333333333333,20,9.0,16,9.0,7.0,0.4666666666666667,12.0,11.0,10.0,9.0,,,,,,,0.9642857142857144,1.0120481927710845,False,0.6265060240963856,1.1428571428571428,False,0.1005146908213948,5,1.0,0.0666666666666666,10,2.0,20,8.0,,,,,,,0.0,0.0,7.0,13.0,6.0,13.0,-1.755141139727438
2015-11-28,14,False,Bournemouth,3,3,1,21,20,7.0,0.4666666666666667,24,12.0,16,8.0,,,,,,,6.0,0.5,8.0,5.0,5.0,5.0,1.0120481927710845,1.0357142857142858,False,1.1779141104294475,0.7587253414264037,True,0.3318212832002706,9,1.0,0.0666666666666666,14,4.0,27,15.0,5.0,0.3333333333333333,5.0,9.0,5.0,8.0,,,,,,,-1.3272851328010833
2015-12-08,15,True,Crystal Palace,1,1,1,22,21,8.0,0.5333333333333333,27,15.0,19,8.0,10.0,0.6666666666666666,16.0,11.0,14.0,7.0,,,,,,,0.9642857142857144,1.0120481927710845,False,1.2530120481927711,0.8571428571428571,False,0.2825524774905569,22,7.0,0.4666666666666667,19,7.0,14,4.0,,,,,,,9.0,0.75,8.0,5.0,5.0,4.0,0.4274511838959707
2015-12-12,16,False,Norwich,1,1,1,23,22,9.0,0.6,28,15.0,20,7.0,,,,,,,6.0,0.5,11.0,8.0,8.0,8.0,1.0120481927710845,1.0357142857142858,False,1.2269938650306749,0.7283763277693475,True,0.2335235211655051,13,4.0,0.2666666666666666,17,3.0,27,6.0,7.0,0.4666666666666667,8.0,9.0,6.0,5.0,,,,,,,-1.0402411397372513
2015-12-19,17,True,Leicester,2,3,0,23,23,7.0,0.4666666666666667,29,10.0,21,6.0,8.0,0.5333333333333333,17.0,12.0,12.0,7.0,,,,,,,0.9642857142857144,1.0120481927710845,False,0.8674698795180723,1.1785714285714286,False,0.1709934335735134,35,13.0,0.8666666666666667,34,11.0,22,3.0,,,,,,,13.0,1.0833333333333333,18.0,9.0,13.0,5.0,1.7493943588674823
2015-12-27,18,False,Newcastle,1,0,3,26,23,6.0,0.4,31,11.0,24,8.0,,,,,,,6.0,0.5,12.0,9.0,9.0,9.0,1.0120481927710845,1.0357142857142858,False,0.9285714285714286,1.3012048192771084,False,-0.0126903209095458,17,7.0,0.4666666666666667,19,6.0,32,10.0,8.0,0.5333333333333333,14.0,13.0,9.0,6.0,,,,,,,-0.7741095754822862
2015-12-28,19,True,Stoke,3,4,0,26,26,6.0,0.4,32,8.0,24,8.0,7.0,0.4666666666666667,19.0,15.0,13.0,9.0,,,,,,,0.9642857142857144,1.0120481927710845,False,0.7710843373493976,0.8214285714285715,False,0.1935154092739951,26,7.0,0.4666666666666667,16,5.0,16,4.0,,,,,,,8.0,0.6666666666666666,6.0,7.0,2.0,2.0,0.1935154092739951
2016-01-04,20,True,Spurs,1,1,1,27,26,5.0,0.3333333333333333,35,8.0,28,9.0,7.0,0.4666666666666667,22.0,19.0,16.0,10.0,,,,,,,0.9642857142857144,1.0120481927710845,False,1.3012048192771084,1.0357142857142858,False,0.0235255561344691,35,10.0,0.6666666666666666,33,9.0,15,4.0,,,,,,,11.0,0.9166666666666666,15.0,8.0,11.0,4.0,1.0821755821855836
2016-01-14,21,False,Man City,0,0,1,28,27,5.0,0.3333333333333333,36,8.0,29,9.0,,,,,,,6.0,0.5,13.0,9.0,7.0,7.0,1.0120481927710845,1.0357142857142858,False,1.5714285714285716,0.6746987951807228,False,-0.0228217732293818,39,10.0,0.6666666666666666,39,9.0,21,5.0,12.0,0.8,29.0,12.0,12.0,8.0,,,,,,,1.3464846205335332
2016-01-16,22,False,Chelsea,3,3,1,29,28,5.0,0.3333333333333333,36,7.0,29,8.0,,,,,,,7.0,0.5833333333333334,13.0,9.0,6.0,5.0,1.0120481927710845,1.0357142857142858,False,1.2857142857142858,0.4337349397590361,False,-0.0575335078855507,24,9.0,0.6,28,10.0,31,5.0,8.0,0.5333333333333333,17.0,16.0,8.0,6.0,,,,,,,-0.5178015709699564
2016-01-24,23,True,Swansea,1,2,0,29,29,6.0,0.4,39,8.0,32,8.0,5.0,0.3333333333333333,23.0,20.0,11.0,9.0,,,,,,,0.9642857142857144,1.0120481927710845,False,0.9156626506024096,0.9642857142857144,False,-0.0969477003085597,22,7.0,0.4666666666666667,20,5.0,30,6.0,,,,,,,1.0,0.0833333333333333,8.0,14.0,2.0,6.0,-0.89534052637905
2016-02-04,24,True,Newcastle,3,0,3,32,29,3.0,0.2,40,8.0,34,10.0,2.0,0.1333333333333333,24.0,22.0,8.0,11.0,,,,,,,0.9642857142857144,1.0120481927710845,False,0.6746987951807228,1.2857142857142858,False,-0.2460322313703858,21,4.0,0.2666666666666666,25,6.0,41,8.0,,,,,,,3.0,0.25,6.0,23.0,4.0,10.0,-1.1406948908990615
2016-02-06,25,False,Stoke,3,0,3,35,32,6.0,0.4,43,8.0,34,6.0,,,,,,,7.0,0.5833333333333334,16.0,12.0,8.0,7.0,1.0120481927710845,1.0357142857142858,False,1.1428571428571428,1.0602409638554218,False,-0.0563983531038206,33,4.0,0.2666666666666666,24,4.0,28,9.0,10.0,0.6666666666666666,13.0,10.0,8.0,3.0,,,,,,,0.0461441070849446
2016-02-13,26,True,West Brom,0,1,0,35,35,8.0,0.5333333333333333,46,10.0,34,5.0,4.0,0.2666666666666666,27.0,22.0,10.0,10.0,,,,,,,0.9642857142857144,1.0120481927710845,False,0.6746987951807228,0.892857142857143,False,0.1105894410451938,29,3.0,0.2,23,3.0,32,7.0,,,,,,,2.0,0.1666666666666666,8.0,14.0,4.0,9.0,-0.4926256919285899
2016-03-02,27,False,Aston Villa,3,1,3,38,35,7.0,0.4666666666666667,46,10.0,35,6.0,,,,,,,9.0,0.75,19.0,12.0,8.0,4.0,1.0120481927710845,1.0357142857142858,False,0.6428571428571429,1.2048192771084338,False,-0.0344904904008005,16,4.0,0.2666666666666666,21,3.0,48,10.0,8.0,0.5333333333333333,10.0,20.0,5.0,8.0,,,,,,,-1.920284684917488
2016-03-05,28,True,West Ham,2,3,0,38,38,9.0,0.6,49,10.0,36,4.0,4.0,0.2666666666666666,27.0,23.0,8.0,8.0,,,,,,,0.9642857142857144,1.0120481927710845,False,0.9156626506024096,1.0357142857142858,False,0.1107856548990861,46,10.0,0.6666666666666666,42,6.0,31,3.0,,,,,,,5.0,0.4166666666666667,20.0,17.0,7.0,7.0,0.7038748037923224
2016-03-19,29,True,Arsenal,0,2,0,38,38,9.0,0.6,51,11.0,39,5.0,4.0,0.2666666666666666,29.0,26.0,7.0,7.0,,,,,,,0.9642857142857144,1.0120481927710845,False,1.4457831325301205,0.7857142857142858,False,-0.018048071892111,52,7.0,0.4666666666666667,46,9.0,30,8.0,,,,,,,6.0,0.5,27.0,20.0,9.0,8.0,1.1102288035079464
2016-04-03,30,False,Man Utd,0,1,0,38,38,6.0,0.4,51,8.0,41,7.0,,,,,,,11.0,0.9166666666666666,22.0,13.0,10.0,4.0,1.0120481927710845,1.0357142857142858,False,1.4642857142857144,0.7228915662650602,False,-0.1136454680756162,50,9.0,0.6,38,6.0,27,5.0,12.0,0.8,19.0,7.0,9.0,4.0,,,,,,,0.7849532692627876
2016-04-09,31,False,Watford,1,1,1,39,38,3.0,0.2,51,5.0,42,8.0,,,,,,,8.0,0.6666666666666666,22.0,14.0,9.0,5.0,1.0120481927710845,1.0357142857142858,False,1.1779141104294475,0.6676783004552352,True,-0.2065666498059967,37,1.0,0.0666666666666666,30,1.0,36,8.0,5.0,0.3333333333333333,14.0,14.0,3.0,4.0,,,,,,,-0.4189353677741021
2016-04-14,32,False,Crystal Palace,0,0,1,40,39,4.0,0.2666666666666666,52,6.0,43,8.0,,,,,,,8.0,0.6666666666666666,23.0,15.0,10.0,6.0,1.0120481927710845,1.0357142857142858,False,0.7500000000000001,1.3012048192771084,False,-0.2637741204503606,37,5.0,0.3333333333333333,35,6.0,42,7.0,3.0,0.2,17.0,22.0,4.0,7.0,,,,,,,-0.4891520690406981
2016-04-16,33,True,Southampton,1,1,1,41,40,2.0,0.1333333333333333,52,3.0,43,7.0,3.0,0.2,29.0,28.0,6.0,8.0,,,,,,,0.9642857142857144,1.0120481927710845,False,0.819277108433735,0.7142857142857143,False,-0.263389575637299,50,10.0,0.6666666666666666,44,9.0,34,6.0,,,,,,,7.0,0.5833333333333334,13.0,15.0,3.0,4.0,0.3392049598121631
2016-04-21,34,False,Liverpool,0,4,0,41,41,3.0,0.2,53,2.0,44,5.0,,,,,,,8.0,0.6666666666666666,23.0,15.0,7.0,3.0,1.0120481927710845,1.0357142857142858,False,1.0714285714285714,0.963855421686747,False,-0.3173207688565398,51,10.0,0.6666666666666666,52,11.0,43,7.0,8.0,0.5333333333333333,24.0,19.0,10.0,5.0,,,,,,,0.5644062335084977
2016-04-30,35,True,Bournemouth,2,1,3,44,41,3.0,0.2,53,2.0,48,7.0,4.0,0.2666666666666666,30.0,29.0,6.0,7.0,,,,,,,0.9642857142857144,1.0120481927710845,False,1.5174506828528074,0.4907975460122699,True,-0.3787073147321586,41,3.0,0.2,42,4.0,61,14.0,,,,,,,10.0,0.8333333333333334,20.0,28.0,7.0,6.0,-0.4477572757309548
2016-05-08,36,False,Leicester,1,3,0,44,44,6.0,0.4,55,4.0,49,7.0,,,,,,,5.0,0.4166666666666667,23.0,19.0,4.0,7.0,1.0120481927710845,1.0357142857142858,False,1.0,1.0602409638554218,False,-0.2472689433141094,77,11.0,0.7333333333333333,64,10.0,34,3.0,11.0,0.7333333333333333,32.0,17.0,10.0,4.0,,,,,,,1.8474136919726336
2016-05-12,37,False,Sunderland,0,3,0,44,44,5.0,0.3333333333333333,56,4.0,52,9.0,,,,,,,2.0,0.1666666666666666,24.0,22.0,2.0,9.0,1.0120481927710845,1.0357142857142858,False,0.5714285714285714,1.3012048192771084,False,-0.3221468715539466,35,8.0,0.5333333333333333,43,7.0,60,5.0,6.0,0.4,20.0,20.0,5.0,6.0,,,,,,,-0.913845207061196
2016-05-15,38,True,Norwich,3,0,3,47,44,4.0,0.2666666666666666,56,4.0,55,12.0,4.0,0.2666666666666666,32.0,30.0,5.0,8.0,,,,,,,0.9642857142857144,1.0120481927710845,False,1.1532625189681336,0.5889570552147239,True,-0.4186802542796839,34,3.0,0.2,39,4.0,64,8.0,,,,,,,3.0,0.25,13.0,34.0,1.0,4.0,-1.078019237397296
