Date,Round,isHome,Rival,Goal,Conceded,Points,CumPoints,bCumPoints,b5MatchPoints,b5MatchPointRatio,bCumGoal,b5MatchGoal,bCumConceded,b5MatchConceded,b5HomeMatchPoints,b5HomeMatchPointRatio,bHomeCumGoal,bHomeCumConceded,b5HomeMatchGoal,b5HomeMatchConceded,b5AwayMatchPoints,b5AwayMatchPointRatio,bAwayCumGoal,bAwayCumConceded,b5AwayMatchGoal,b5AwayMatchConceded,SelfAS,SelfDS,SelfFromCL,RivalAS,RivalDS,RivalFromCL,bStdCumPoints,bRivalCumPoints,bRival5MatchPoints,bRival5MatchPointRatio,bRivalCumGoal,bRival5MatchGoal,bRivalCumConceded,bRival5MatchConceded,bRival5HomeMatchPoints,bRival5HomeMatchPointRatio,bRivalHomeCumGoal,bRivalHomeCumConceded,bRival5HomeMatchGoal,bRival5HomeMatchConceded,bRival5AwayMatchPoints,bRival5AwayMatchPointRatio,bRivalAwayCumGoal,bRivalAwayCumConceded,bRival5AwayMatchGoal,bRival5AwayMatchConceded,bRivalStdCumPoints
2011-08-13,1,True,Wolves,1,2,0,0,0,0.0,,0,0.0,0,0.0,0.0,,0.0,0.0,0.0,0.0,,,,,,,0.713128038897893,0.717488789237668,False,0.717488789237668,1.1669367909238249,False,,0,0.0,,0,0.0,0,0.0,,,,,,,0.0,,0.0,0.0,0.0,0.0,
2011-08-20,2,False,Aston Villa,1,3,0,0,0,0.0,0.0,1,1.0,2,2.0,,,,,,,0.0,,0.0,0.0,0.0,0.0,1.076233183856502,1.393841166936791,False,0.8427876823338736,0.8520179372197308,False,-1.0269309402113187,1,1.0,0.3333333333333333,0,0.0,0,0.0,0.0,,0.0,0.0,0.0,0.0,,,,,,,-0.093357358201029
2011-08-27,3,True,Everton,0,1,0,0,0,0.0,0.0,2,2.0,5,5.0,0.0,0.0,1.0,2.0,1.0,2.0,,,,,,,0.713128038897893,0.717488789237668,False,0.8968609865470851,0.713128038897893,False,-1.3378235926773296,0,0.0,0.0,0,0.0,1,1.0,,,,,,,0.0,,0.0,0.0,0.0,0.0,-1.0269309402113187
2011-09-11,4,False,Fulham,1,1,1,1,0,0.0,0.0,2,2.0,6,6.0,,,,,,,0.0,0.0,1.0,3.0,1.0,3.0,1.076233183856502,1.393841166936791,False,0.9724473257698542,1.031390134529148,False,-1.441061413472451,1,1.0,0.1111111111111111,1,1.0,4,4.0,1.0,0.3333333333333333,0.0,0.0,0.0,0.0,,,,,,,-1.089583019942585
2011-09-17,5,True,Arsenal,4,3,3,4,1,1.0,0.0833333333333333,3,3.0,7,7.0,0.0,0.0,1.0,3.0,1.0,3.0,,,,,,,0.713128038897893,0.717488789237668,False,1.748878923766816,0.9076175040518638,False,-1.3655211535739835,4,4.0,0.3333333333333333,3,3.0,10,10.0,,,,,,,1.0,0.1666666666666666,2.0,8.0,2.0,8.0,-0.4651775358328955
2011-09-24,6,False,Newcastle,1,3,0,4,4,4.0,0.2666666666666666,7,7.0,10,10.0,,,,,,,1.0,0.1666666666666666,2.0,4.0,2.0,4.0,1.076233183856502,1.393841166936791,False,1.3290113452188006,1.210762331838565,False,-0.8647491917652392,9,9.0,0.6,4,4.0,2,2.0,4.0,0.6666666666666666,2.0,1.0,2.0,1.0,,,,,,,0.6794457935298309
2011-10-01,7,True,Man City,0,4,0,4,4,4.0,0.2666666666666666,8,7.0,13,11.0,3.0,0.3333333333333333,5.0,6.0,5.0,6.0,,,,,,,0.713128038897893,0.717488789237668,False,1.1659192825112108,0.6807131280388979,False,-1.057608289071284,16,13.0,0.8666666666666667,19,15.0,5,5.0,,,,,,,7.0,0.7777777777777778,10.0,5.0,10.0,5.0,2.00053616125532
2011-10-15,8,False,QPR,1,1,1,5,4,4.0,0.2666666666666666,8,6.0,17,12.0,,,,,,,1.0,0.1111111111111111,3.0,7.0,3.0,7.0,1.076233183856502,1.393841166936791,False,1.016548463356974,0.4518072289156626,True,-1.1468292773139113,8,5.0,0.3333333333333333,5,4.0,13,9.0,2.0,0.2222222222222222,1.0,5.0,1.0,5.0,,,,,,,-0.3127716210856122
2011-10-23,9,True,Spurs,1,2,0,5,5,5.0,0.3333333333333333,9,7.0,18,12.0,3.0,0.25,5.0,10.0,5.0,10.0,,,,,,,0.713128038897893,0.717488789237668,False,1.1210762331838564,0.8752025931928686,False,-1.1846158902628643,13,13.0,0.8666666666666667,13,12.0,12,4.0,,,,,,,7.0,0.5833333333333334,6.0,6.0,6.0,6.0,0.7298004491997617
2011-10-29,10,False,Norwich,3,3,1,6,5,4.0,0.2666666666666666,10,7.0,20,13.0,,,,,,,2.0,0.1666666666666666,4.0,8.0,4.0,8.0,1.076233183856502,1.393841166936791,False,1.1111111111111112,0.9036144578313252,True,-1.3228531018381091,12,10.0,0.6666666666666666,11,8.0,12,6.0,7.0,0.5833333333333334,6.0,4.0,6.0,4.0,,,,,,,-0.0629930048494337
2011-11-05,11,True,Chelsea,0,1,0,6,6,2.0,0.1333333333333333,13,6.0,23,13.0,3.0,0.2,6.0,12.0,6.0,12.0,,,,,,,0.713128038897893,0.717488789237668,False,1.3452914798206277,0.6482982171799027,False,-1.219182135605084,19,9.0,0.6,23,15.0,15,9.0,,,,,,,7.0,0.5833333333333334,8.0,6.0,8.0,6.0,0.8258975757324764
2011-11-19,12,False,Wigan,3,3,1,7,6,2.0,0.1333333333333333,13,5.0,24,11.0,,,,,,,3.0,0.25,7.0,11.0,7.0,11.0,1.076233183856502,1.393841166936791,False,0.713128038897893,1.5246636771300448,False,-1.2988814758140517,5,0.0,0.0,7,2.0,20,11.0,4.0,0.2666666666666666,5.0,8.0,5.0,8.0,,,,,,,-1.43779928071395
2011-11-26,13,False,Stoke,1,3,0,7,7,3.0,0.2,16,8.0,27,10.0,,,,,,,4.0,0.3333333333333333,10.0,14.0,9.0,11.0,1.076233183856502,1.393841166936791,False,1.004862236628849,0.8071748878923766,False,-1.2479558625521203,12,3.0,0.2,10,6.0,22,14.0,7.0,0.4666666666666667,7.0,7.0,7.0,7.0,,,,,,,-0.6079784971407766
2011-12-03,14,True,Swansea,4,2,3,10,7,2.0,0.1333333333333333,17,8.0,30,12.0,3.0,0.2,6.0,13.0,5.0,11.0,,,,,,,0.713128038897893,0.717488789237668,False,0.8433734939759036,0.7328605200945626,True,-1.3471874306523222,14,6.0,0.4,12,5.0,16,4.0,,,,,,,2.0,0.1666666666666666,4.0,14.0,4.0,10.0,-0.4820211907838582
2011-12-11,15,False,Sunderland,1,2,0,10,10,5.0,0.3333333333333333,21,11.0,32,12.0,,,,,,,3.0,0.25,11.0,17.0,9.0,13.0,1.076233183856502,1.393841166936791,False,0.8103727714748785,1.210762331838565,False,-1.0877346039221822,11,2.0,0.1333333333333333,16,4.0,17,7.0,6.0,0.4,10.0,9.0,9.0,6.0,,,,,,,-0.9695025817567277
2011-12-17,16,True,West Brom,1,2,0,10,10,4.0,0.2666666666666666,22,9.0,34,11.0,6.0,0.4,10.0,15.0,9.0,12.0,,,,,,,0.713128038897893,0.717488789237668,False,1.1659192825112108,1.3290113452188006,False,-1.2359345340342505,15,4.0,0.2666666666666666,14,5.0,23,10.0,,,,,,,5.0,0.4166666666666667,7.0,12.0,5.0,10.0,-0.6689920872295483
2011-12-21,17,True,Bolton,1,2,0,10,10,4.0,0.2666666666666666,23,10.0,36,12.0,3.0,0.2,11.0,17.0,6.0,11.0,,,,,,,0.713128038897893,0.717488789237668,False,0.8071748878923766,1.0372771474878444,False,-1.3075172118108167,9,0.0,0.0,20,2.0,38,11.0,,,,,,,3.0,0.25,10.0,17.0,5.0,11.0,-1.4142533107341486
2011-12-26,18,False,Liverpool,1,1,1,11,10,3.0,0.2,24,8.0,38,11.0,,,,,,,3.0,0.25,12.0,19.0,9.0,12.0,1.076233183856502,1.393841166936791,False,1.19935170178282,0.6278026905829596,False,-1.3727756861603737,30,8.0,0.5333333333333333,20,4.0,13,2.0,7.0,0.4666666666666667,10.0,6.0,4.0,3.0,,,,,,,0.6460120876048815
2011-12-31,19,False,Man Utd,3,2,3,14,11,4.0,0.2666666666666666,25,8.0,39,9.0,,,,,,,3.0,0.25,13.0,20.0,9.0,12.0,1.076233183856502,1.393841166936791,False,1.5883306320907618,0.538116591928251,False,-1.338929563790983,45,15.0,1.0,47,17.0,14,1.0,10.0,0.6666666666666666,28.0,11.0,12.0,8.0,,,,,,,1.9718780848558115
2012-01-02,20,True,Stoke,1,2,0,14,14,4.0,0.2666666666666666,28,7.0,41,9.0,3.0,0.2,12.0,19.0,7.0,9.0,,,,,,,0.713128038897893,0.717488789237668,False,0.6726457399103138,0.9724473257698542,False,-1.1814898930363047,26,8.0,0.5333333333333333,20,6.0,30,7.0,,,,,,,6.0,0.5,6.0,19.0,4.0,12.0,0.0
2012-01-14,21,True,Fulham,3,1,3,17,14,4.0,0.2666666666666666,29,7.0,43,9.0,3.0,0.2,13.0,21.0,7.0,9.0,,,,,,,0.713128038897893,0.717488789237668,False,0.8520179372197308,0.6482982171799027,False,-1.2893354806864974,23,8.0,0.5333333333333333,22,6.0,26,8.0,,,,,,,4.0,0.3333333333333333,6.0,11.0,3.0,5.0,-0.4297784935621658
2012-01-21,22,False,Everton,1,1,1,18,17,7.0,0.4666666666666667,32,9.0,44,8.0,,,,,,,5.0,0.4166666666666667,16.0,22.0,9.0,11.0,1.076233183856502,1.393841166936791,False,1.004862236628849,1.031390134529148,False,-1.0713360149551834,25,5.0,0.3333333333333333,21,4.0,25,6.0,7.0,0.4666666666666667,10.0,12.0,5.0,5.0,,,,,,,-0.3480711947322749
2012-02-02,23,True,Newcastle,0,2,0,18,18,8.0,0.5333333333333333,33,9.0,45,7.0,6.0,0.4,16.0,22.0,10.0,9.0,,,,,,,0.713128038897893,0.717488789237668,False,0.6726457399103138,0.9724473257698542,False,-1.1096015451062078,36,9.0,0.6,32,9.0,30,8.0,,,,,,,4.0,0.3333333333333333,16.0,19.0,8.0,13.0,0.5208333783151587
2012-02-04,24,False,Arsenal,1,7,0,18,18,7.0,0.4666666666666667,33,8.0,47,8.0,,,,,,,5.0,0.4166666666666667,17.0,23.0,7.0,9.0,1.076233183856502,1.393841166936791,False,1.0696920583468394,0.6726457399103138,False,-1.1726276805075737,37,4.0,0.2666666666666666,39,5.0,33,7.0,8.0,0.5333333333333333,17.0,8.0,5.0,4.0,,,,,,,0.4716472958499096
2012-02-11,25,True,QPR,3,2,3,21,18,4.0,0.2666666666666666,34,6.0,54,13.0,3.0,0.2,16.0,24.0,6.0,9.0,,,,,,,0.713128038897893,0.717488789237668,False,0.8433734939759036,0.4018912529550827,True,-1.2444442951140764,21,4.0,0.2666666666666666,25,7.0,41,8.0,,,,,,,2.0,0.1666666666666666,12.0,21.0,3.0,6.0,-0.9938850410642625
2012-02-26,26,False,Man City,0,3,0,21,21,7.0,0.4666666666666667,37,8.0,56,13.0,,,,,,,5.0,0.4166666666666667,18.0,30.0,7.0,13.0,1.076233183856502,1.393841166936791,False,1.1021069692058347,0.538116591928251,False,-1.0844828924239822,60,12.0,0.8,64,8.0,19,3.0,15.0,1.0,37.0,6.0,13.0,2.0,,,,,,,2.071847913884623
2012-03-03,27,True,Aston Villa,1,1,1,22,21,4.0,0.2666666666666666,37,5.0,59,15.0,6.0,0.4,19.0,26.0,8.0,9.0,,,,,,,0.713128038897893,0.717488789237668,False,0.9865470852017936,1.296596434359805,False,-1.1344495309171905,29,5.0,0.3333333333333333,29,6.0,34,7.0,,,,,,,8.0,0.6666666666666666,15.0,17.0,7.0,5.0,-0.5170620310983113
2012-03-10,28,False,Wolves,2,0,3,25,22,4.0,0.2666666666666666,38,5.0,60,15.0,,,,,,,5.0,0.4166666666666667,18.0,33.0,6.0,14.0,1.076233183856502,1.393841166936791,False,0.9724473257698542,1.3452914798206277,False,-1.1258369458009103,22,4.0,0.2666666666666666,30,5.0,56,16.0,1.0,0.0666666666666666,17.0,28.0,6.0,15.0,,,,,,,-1.1258369458009103
2012-03-21,29,True,Sunderland,2,0,3,28,25,7.0,0.4666666666666667,40,7.0,60,13.0,7.0,0.4666666666666667,20.0,27.0,8.0,8.0,,,,,,,0.713128038897893,0.717488789237668,False,0.8968609865470851,0.940032414910859,False,-1.00798248023823,37,7.0,0.4666666666666667,36,4.0,31,7.0,,,,,,,7.0,0.5833333333333334,15.0,18.0,6.0,7.0,-0.1185861741456742
2012-03-24,30,False,Bolton,1,2,0,28,28,10.0,0.6666666666666666,42,8.0,60,6.0,,,,,,,7.0,0.5833333333333334,20.0,33.0,7.0,13.0,1.076233183856502,1.393841166936791,False,1.1021069692058347,1.076233183856502,False,-0.867691983422552,23,3.0,0.2,31,3.0,57,10.0,8.0,0.5333333333333333,17.0,28.0,7.0,5.0,,,,,,,-1.1562151979203228
2012-04-03,31,True,Man Utd,0,2,0,28,28,7.0,0.4666666666666667,43,6.0,62,6.0,10.0,0.6666666666666666,22.0,27.0,9.0,6.0,,,,,,,0.713128038897893,0.717488789237668,False,1.3004484304932735,0.8103727714748785,False,-0.94395275473719,73,15.0,1.0,74,13.0,27,2.0,,,,,,,13.0,1.0833333333333333,34.0,12.0,15.0,6.0,2.226037839529493
2012-04-07,32,False,West Brom,0,3,0,28,28,7.0,0.4666666666666667,43,6.0,64,5.0,,,,,,,4.0,0.3333333333333333,21.0,35.0,5.0,13.0,1.076233183856502,1.393841166936791,False,0.9724473257698542,1.3452914798206277,False,-1.0113095241670862,36,4.0,0.2666666666666666,36,3.0,43,8.0,6.0,0.4,15.0,19.0,8.0,7.0,,,,,,,-0.4628026636018869
2012-04-11,33,True,Liverpool,2,3,0,28,28,6.0,0.4,43,5.0,67,7.0,7.0,0.4666666666666667,22.0,29.0,6.0,7.0,,,,,,,0.713128038897893,0.717488789237668,False,0.9865470852017936,0.9724473257698542,False,-1.0582418660279966,43,4.0,0.2666666666666666,37,7.0,34,8.0,,,,,,,3.0,0.25,17.0,21.0,6.0,8.0,-0.0723022392938383
2012-04-14,34,False,Swansea,0,3,0,28,28,3.0,0.2,45,5.0,70,10.0,,,,,,,3.0,0.25,21.0,38.0,4.0,15.0,1.076233183856502,1.393841166936791,False,0.9692671394799054,0.3313253012048193,True,-1.1337299037195885,39,3.0,0.2,35,4.0,44,10.0,4.0,0.2666666666666666,19.0,14.0,4.0,8.0,,,,,,,-0.4210996785244186
2012-04-21,35,True,Norwich,2,0,3,31,28,0.0,0.0,45,3.0,73,13.0,7.0,0.4666666666666667,24.0,32.0,8.0,8.0,,,,,,,0.713128038897893,0.717488789237668,False,1.0843373493975903,0.6619385342789598,True,-1.2057660490718962,43,7.0,0.4666666666666667,47,8.0,58,12.0,,,,,,,6.0,0.5,21.0,31.0,6.0,7.0,-0.251333820255092
2012-04-29,36,False,Spurs,0,2,0,31,31,3.0,0.2,47,4.0,73,11.0,,,,,,,3.0,0.25,21.0,41.0,3.0,11.0,1.076233183856502,1.393841166936791,False,0.9724473257698542,0.8520179372197308,False,-1.0916410311485805,59,5.0,0.3333333333333333,57,4.0,39,4.0,7.0,0.4666666666666667,35.0,17.0,11.0,7.0,,,,,,,0.766727223816166
2012-05-08,37,True,Wigan,0,1,0,31,31,3.0,0.2,47,4.0,75,11.0,7.0,0.4666666666666667,26.0,32.0,7.0,6.0,,,,,,,0.713128038897893,0.717488789237668,False,0.8071748878923766,0.8752025931928686,False,-1.1401233915186515,37,9.0,0.6,38,9.0,60,5.0,,,,,,,7.0,0.5833333333333334,19.0,35.0,7.0,7.0,-0.7723416523190867
2012-05-13,38,False,Chelsea,1,2,0,31,31,3.0,0.2,47,4.0,76,9.0,,,,,,,3.0,0.25,21.0,43.0,3.0,10.0,1.076233183856502,1.393841166936791,False,1.2641815235008105,0.5829596412556054,False,-1.197177366556884,61,5.0,0.3333333333333333,63,8.0,45,8.0,10.0,0.6666666666666666,39.0,23.0,9.0,4.0,,,,,,,0.6076126332776146
