Date,Round,isHome,Rival,Goal,Conceded,Points,CumPoints,bCumPoints,b5MatchPoints,b5MatchPointRatio,bCumGoal,b5MatchGoal,bCumConceded,b5MatchConceded,b5HomeMatchPoints,b5HomeMatchPointRatio,bHomeCumGoal,bHomeCumConceded,b5HomeMatchGoal,b5HomeMatchConceded,b5AwayMatchPoints,b5AwayMatchPointRatio,bAwayCumGoal,bAwayCumConceded,b5AwayMatchGoal,b5AwayMatchConceded,SelfAS,SelfDS,SelfFromCL,RivalAS,RivalDS,RivalFromCL,bStdCumPoints,bRivalCumPoints,bRival5MatchPoints,bRival5MatchPointRatio,bRivalCumGoal,bRival5MatchGoal,bRivalCumConceded,bRival5MatchConceded,bRival5HomeMatchPoints,bRival5HomeMatchPointRatio,bRivalHomeCumGoal,bRivalHomeCumConceded,bRival5HomeMatchGoal,bRival5HomeMatchConceded,bRival5AwayMatchPoints,bRival5AwayMatchPointRatio,bRivalAwayCumGoal,bRivalAwayCumConceded,bRival5AwayMatchGoal,bRival5AwayMatchConceded,bRivalStdCumPoints
2011-08-16,1,True,Swansea,4,0,3,3,0,0.0,,0,0.0,0,0.0,0.0,,0.0,0.0,0.0,0.0,,,,,,,1.1021069692058347,0.538116591928251,False,0.8433734939759036,0.7328605200945626,True,,0,0.0,,0,0.0,0,0.0,,,,,,,0.0,,0.0,0.0,0.0,0.0,
2011-08-21,2,False,Bolton,3,2,3,6,3,3.0,1.0,4,4.0,0,0.0,,,,,,,0.0,,0.0,0.0,0.0,0.0,1.1659192825112108,0.6807131280388979,False,1.1021069692058347,1.076233183856502,False,1.77378980581955,3,3.0,1.0,4,4.0,0,0.0,0.0,,0.0,0.0,0.0,0.0,,,,,,,1.77378980581955
2011-08-28,3,False,Spurs,5,1,3,9,6,6.0,1.0,7,7.0,2,2.0,,,,,,,3.0,1.0,3.0,2.0,3.0,2.0,1.1659192825112108,0.6807131280388979,False,0.9724473257698542,0.8520179372197308,False,1.6912109567807754,0,0.0,0.0,0,0.0,3,3.0,0.0,,0.0,0.0,0.0,0.0,,,,,,,-1.0269309402113187
2011-09-10,4,True,Wigan,3,0,3,12,9,9.0,1.0,12,12.0,3,3.0,3.0,1.0,4.0,0.0,4.0,0.0,,,,,,,1.1021069692058347,0.538116591928251,False,0.8071748878923766,0.8752025931928686,False,1.7222441282963443,5,5.0,0.5555555555555556,3,3.0,1,1.0,,,,,,,1.0,0.3333333333333333,0.0,0.0,0.0,0.0,0.3163305541768797
2011-09-18,5,False,Fulham,2,2,1,13,12,12.0,1.0,15,15.0,3,3.0,,,,,,,6.0,1.0,8.0,3.0,8.0,3.0,1.1659192825112108,0.6807131280388979,False,0.9724473257698542,1.031390134529148,False,1.93573877814334,2,2.0,0.1666666666666666,2,2.0,5,5.0,2.0,0.3333333333333333,1.0,1.0,1.0,1.0,,,,,,,-1.0654066143269545
2011-09-24,6,True,Everton,2,0,3,16,13,13.0,0.8666666666666667,17,17.0,5,5.0,6.0,1.0,7.0,0.0,7.0,0.0,,,,,,,1.1021069692058347,0.538116591928251,False,0.8968609865470851,0.713128038897893,False,1.914801781765887,7,7.0,0.5833333333333334,6,6.0,4,4.0,,,,,,,3.0,1.0,1.0,0.0,1.0,0.0,0.4351660819081926
2011-10-01,7,False,Blackburn,4,0,3,19,16,13.0,0.8666666666666667,19,15.0,5,5.0,,,,,,,7.0,0.7777777777777778,10.0,5.0,10.0,5.0,1.1659192825112108,0.6807131280388979,False,0.713128038897893,0.717488789237668,False,2.00053616125532,4,4.0,0.2666666666666666,8,7.0,13,11.0,3.0,0.3333333333333333,5.0,6.0,5.0,6.0,,,,,,,-1.057608289071284
2011-10-15,8,True,Aston Villa,4,1,3,22,19,13.0,0.8666666666666667,23,16.0,5,3.0,9.0,1.0,9.0,0.0,9.0,0.0,,,,,,,1.1021069692058347,0.538116591928251,False,0.9865470852017936,1.296596434359805,False,1.9808869335422103,11,7.0,0.4666666666666667,9,6.0,5,4.0,,,,,,,3.0,0.3333333333333333,3.0,3.0,3.0,3.0,0.3127716210856122
2011-10-23,9,False,Man Utd,6,1,3,25,22,13.0,0.8666666666666667,27,15.0,6,3.0,,,,,,,10.0,0.8333333333333334,14.0,5.0,14.0,5.0,1.1659192825112108,0.6807131280388979,False,1.5883306320907618,0.538116591928251,False,2.116772656371348,20,11.0,0.7333333333333333,25,12.0,6,3.0,12.0,1.0,16.0,3.0,16.0,3.0,,,,,,,1.7283740038261466
2011-10-29,10,True,Wolves,3,1,3,28,25,13.0,0.8666666666666667,33,18.0,7,4.0,12.0,1.0,13.0,1.0,13.0,1.0,,,,,,,1.1021069692058347,0.538116591928251,False,0.717488789237668,1.1669367909238249,False,2.276747175272392,8,1.0,0.0666666666666666,8,4.0,14,11.0,,,,,,,4.0,0.3333333333333333,3.0,5.0,3.0,5.0,-0.7829130602715338
2011-11-06,11,False,QPR,3,2,3,31,28,15.0,1.0,36,19.0,8,3.0,,,,,,,13.0,1.0833333333333333,20.0,6.0,20.0,6.0,1.1659192825112108,0.6807131280388979,False,1.016548463356974,0.4518072289156626,True,2.2417219912738644,12,5.0,0.3333333333333333,8,4.0,17,11.0,6.0,0.4,3.0,6.0,3.0,6.0,,,,,,,-0.2752991919108254
2011-11-19,12,True,Newcastle,3,1,3,34,31,15.0,1.0,39,20.0,10,5.0,15.0,1.0,16.0,2.0,16.0,2.0,,,,,,,1.1021069692058347,0.538116591928251,False,0.6726457399103138,0.9724473257698542,False,2.174063646683413,25,13.0,0.8666666666666667,17,10.0,8,5.0,,,,,,,11.0,0.9166666666666666,7.0,3.0,7.0,3.0,1.3405568172840212
2011-11-28,13,False,Liverpool,1,1,1,35,34,15.0,1.0,42,19.0,11,6.0,,,,,,,13.0,1.0833333333333333,23.0,8.0,20.0,6.0,1.1659192825112108,0.6807131280388979,False,1.19935170178282,0.6278026905829596,False,2.207921910669136,22,9.0,0.6,16,6.0,11,3.0,9.0,0.6,8.0,5.0,7.0,4.0,,,,,,,0.671976233681911
2011-12-03,14,True,Norwich,5,1,3,38,35,13.0,0.8666666666666667,43,16.0,12,6.0,15.0,1.0,19.0,3.0,15.0,3.0,,,,,,,1.1021069692058347,0.538116591928251,False,1.0843373493975903,0.6619385342789598,True,2.1134775288215333,16,5.0,0.3333333333333333,19,9.0,21,10.0,,,,,,,4.0,0.3333333333333333,7.0,11.0,6.0,10.0,-0.2348308365357257
2011-12-13,15,False,Chelsea,1,2,0,38,38,13.0,0.8666666666666667,48,15.0,13,6.0,,,,,,,11.0,0.9166666666666666,24.0,9.0,16.0,6.0,1.1659192825112108,0.6807131280388979,False,1.2641815235008105,0.5829596412556054,False,2.222762016710546,28,9.0,0.6,31,11.0,17,7.0,9.0,0.6,19.0,11.0,14.0,9.0,,,,,,,1.0404417950560003
2011-12-19,16,True,Arsenal,1,0,3,41,38,10.0,0.6666666666666666,49,13.0,15,7.0,15.0,1.0,24.0,4.0,17.0,4.0,,,,,,,1.1021069692058347,0.538116591928251,False,1.748878923766816,0.9076175040518638,False,1.9389431680720812,29,13.0,0.8666666666666667,31,11.0,23,2.0,,,,,,,9.0,0.75,17.0,18.0,15.0,10.0,0.9184467638236176
2011-12-22,17,True,Stoke,3,0,3,44,41,10.0,0.6666666666666666,50,11.0,15,5.0,15.0,1.0,25.0,4.0,16.0,4.0,,,,,,,1.1021069692058347,0.538116591928251,False,0.6726457399103138,0.9724473257698542,False,2.0013018548124744,24,12.0,0.8,18,10.0,25,6.0,,,,,,,6.0,0.5,6.0,16.0,4.0,11.0,0.1867881731158309
2011-12-26,18,False,West Brom,0,0,1,45,44,10.0,0.6666666666666666,53,11.0,15,4.0,,,,,,,10.0,0.8333333333333334,25.0,11.0,15.0,6.0,1.1659192825112108,0.6807131280388979,False,0.9724473257698542,1.3452914798206277,False,2.05916352924056,21,7.0,0.4666666666666667,19,8.0,26,9.0,6.0,0.4,7.0,11.0,6.0,8.0,,,,,,,-0.2624424105894833
2012-01-01,19,False,Sunderland,0,1,0,45,45,10.0,0.6666666666666666,53,10.0,15,3.0,,,,,,,8.0,0.6666666666666666,25.0,11.0,11.0,6.0,1.1659192825112108,0.6807131280388979,False,0.8103727714748785,1.210762331838565,False,1.9718780848558115,18,7.0,0.4666666666666667,22,7.0,22,7.0,6.0,0.4,13.0,11.0,6.0,6.0,,,,,,,-0.6572926949519371
2012-01-04,20,True,Liverpool,3,0,3,48,45,7.0,0.4666666666666667,53,5.0,16,3.0,15.0,1.0,28.0,4.0,15.0,3.0,,,,,,,1.1021069692058347,0.538116591928251,False,0.9865470852017936,0.9724473257698542,False,1.870692330640816,34,11.0,0.7333333333333333,24,7.0,15,2.0,,,,,,,10.0,0.8333333333333334,10.0,7.0,6.0,2.0,0.7876599286908699
2012-01-17,21,False,Wigan,1,0,3,51,48,10.0,0.6666666666666666,56,7.0,16,1.0,,,,,,,5.0,0.4166666666666667,25.0,12.0,5.0,6.0,1.1659192825112108,0.6807131280388979,False,0.713128038897893,1.5246636771300448,False,1.957879804005422,15,3.0,0.2,18,4.0,41,12.0,3.0,0.2,10.0,20.0,5.0,12.0,,,,,,,-1.193829148783794
2012-01-22,22,True,Spurs,3,2,3,54,51,10.0,0.6666666666666666,57,7.0,16,1.0,15.0,1.0,31.0,4.0,15.0,2.0,,,,,,,1.1021069692058347,0.538116591928251,False,1.1210762331838564,0.8752025931928686,False,2.0025394709921778,46,11.0,0.7333333333333333,39,7.0,21,2.0,,,,,,,10.0,0.8333333333333334,18.0,12.0,10.0,5.0,1.55049895835286
2012-02-01,23,False,Everton,0,1,0,54,54,10.0,0.6666666666666666,60,7.0,18,3.0,,,,,,,5.0,0.4166666666666667,26.0,12.0,3.0,4.0,1.1659192825112108,0.6807131280388979,False,1.004862236628849,1.031390134529148,False,2.151268301736525,26,5.0,0.3333333333333333,22,4.0,26,6.0,5.0,0.3333333333333333,11.0,13.0,4.0,5.0,,,,,,,-0.3849638013633781
2012-02-05,24,True,Fulham,3,0,3,57,54,9.0,0.6,60,7.0,19,4.0,15.0,1.0,34.0,6.0,15.0,3.0,,,,,,,1.1021069692058347,0.538116591928251,False,0.8520179372197308,0.6482982171799027,False,1.9428406957487103,27,8.0,0.5333333333333333,29,10.0,32,8.0,,,,,,,3.0,0.25,7.0,14.0,4.0,8.0,-0.3937605864435026
2012-02-13,25,False,Aston Villa,1,0,3,60,57,12.0,0.8,63,10.0,19,3.0,,,,,,,4.0,0.3333333333333333,26.0,13.0,2.0,4.0,1.1659192825112108,0.6807131280388979,False,0.8427876823338736,0.8520179372197308,False,2.0128260075335063,28,5.0,0.3333333333333333,29,7.0,33,9.0,2.0,0.1333333333333333,14.0,16.0,4.0,9.0,,,,,,,-0.4092467816146962
2012-02-26,26,True,Blackburn,3,0,3,63,60,12.0,0.8,64,8.0,19,3.0,15.0,1.0,37.0,6.0,13.0,2.0,,,,,,,1.1021069692058347,0.538116591928251,False,1.076233183856502,1.393841166936791,False,2.071847913884623,21,7.0,0.4666666666666667,37,8.0,56,13.0,,,,,,,5.0,0.4166666666666667,18.0,30.0,7.0,13.0,-1.0844828924239822
2012-03-03,27,True,Bolton,2,0,3,66,63,12.0,0.8,67,10.0,19,3.0,15.0,1.0,40.0,6.0,15.0,2.0,,,,,,,1.1021069692058347,0.538116591928251,False,0.8071748878923766,1.0372771474878444,False,2.106834843131924,20,4.0,0.2666666666666666,29,4.0,54,8.0,,,,,,,6.0,0.5,14.0,27.0,4.0,10.0,-1.21162296839455
2012-03-11,28,False,Swansea,0,1,0,66,66,12.0,0.8,69,9.0,19,1.0,,,,,,,7.0,0.5833333333333334,27.0,13.0,2.0,2.0,1.1659192825112108,0.6807131280388979,False,0.9692671394799054,0.3313253012048193,True,2.143920520551569,33,7.0,0.4666666666666667,30,7.0,34,7.0,6.0,0.4,18.0,10.0,8.0,8.0,,,,,,,-0.3083975792127905
2012-03-22,29,True,Chelsea,2,1,3,69,66,12.0,0.8,69,9.0,20,1.0,15.0,1.0,42.0,6.0,14.0,2.0,,,,,,,1.1021069692058347,0.538116591928251,False,1.3452914798206277,0.6482982171799027,False,2.030788232244669,49,7.0,0.4666666666666667,48,7.0,32,6.0,,,,,,,5.0,0.4166666666666667,17.0,13.0,3.0,5.0,0.7708101319468816
2012-03-25,30,False,Stoke,1,1,1,70,69,12.0,0.8,71,8.0,21,2.0,,,,,,,6.0,0.5,27.0,14.0,2.0,3.0,1.1659192825112108,0.6807131280388979,False,1.004862236628849,0.8071748878923766,False,2.0969222932711675,37,7.0,0.4666666666666667,28,5.0,40,4.0,7.0,0.4666666666666667,18.0,14.0,6.0,5.0,,,,,,,-0.216922995855638
2012-03-31,31,True,Sunderland,3,3,1,71,70,10.0,0.6666666666666666,72,8.0,22,3.0,15.0,1.0,44.0,7.0,13.0,3.0,,,,,,,1.1021069692058347,0.538116591928251,False,0.8968609865470851,0.940032414910859,False,2.014705133245048,40,7.0,0.4666666666666667,39,5.0,34,8.0,,,,,,,4.0,0.3333333333333333,15.0,20.0,2.0,8.0,-0.0986219295994078
2012-04-08,32,False,Arsenal,0,1,0,71,71,8.0,0.5333333333333333,75,8.0,25,6.0,,,,,,,7.0,0.5833333333333334,28.0,15.0,3.0,3.0,1.1659192825112108,0.6807131280388979,False,1.0696920583468394,0.6726457399103138,False,1.93691485137086,58,12.0,0.8,62,9.0,41,4.0,12.0,0.8,34.0,12.0,18.0,6.0,,,,,,,1.0455912029524113
2012-04-12,33,True,West Brom,4,0,3,74,71,5.0,0.3333333333333333,75,6.0,26,7.0,13.0,0.8666666666666667,47.0,10.0,13.0,4.0,,,,,,,1.1021069692058347,0.538116591928251,False,1.1659192825112108,1.3290113452188006,False,1.7681183972765906,39,4.0,0.2666666666666666,39,5.0,43,8.0,,,,,,,5.0,0.4166666666666667,21.0,24.0,7.0,7.0,-0.3352194730896139
2012-04-14,34,False,Norwich,6,1,3,77,74,8.0,0.5333333333333333,79,10.0,26,6.0,,,,,,,4.0,0.3333333333333333,28.0,16.0,2.0,4.0,1.1659192825112108,0.6807131280388979,False,1.1111111111111112,0.9036144578313252,True,1.8463601289147584,43,7.0,0.4666666666666667,46,7.0,52,7.0,8.0,0.5333333333333333,25.0,21.0,8.0,6.0,,,,,,,-0.161961414817084
2012-04-22,35,False,Wolves,2,0,3,80,77,8.0,0.5333333333333333,85,14.0,27,6.0,,,,,,,7.0,0.5833333333333334,34.0,17.0,8.0,4.0,1.1659192825112108,0.6807131280388979,False,0.9724473257698542,1.3452914798206277,False,1.912045898396331,23,1.0,0.0666666666666666,34,4.0,73,10.0,0.0,0.0,19.0,41.0,3.0,18.0,,,,,,,-1.5239101253441645
2012-05-01,36,True,Man Utd,1,0,3,83,80,10.0,0.6666666666666666,87,15.0,27,5.0,13.0,0.8666666666666667,51.0,10.0,14.0,4.0,,,,,,,1.1021069692058347,0.538116591928251,False,1.3004484304932735,0.8103727714748785,False,1.9737120076067451,83,10.0,0.6666666666666666,86,12.0,32,5.0,,,,,,,12.0,1.0,36.0,13.0,12.0,3.0,2.161386683448908
2012-05-06,37,False,Newcastle,2,0,3,86,83,12.0,0.8,88,13.0,27,2.0,,,,,,,7.0,0.5833333333333334,36.0,17.0,9.0,4.0,1.1659192825112108,0.6807131280388979,False,1.3290113452188006,1.210762331838565,False,2.047318348210912,65,12.0,0.8,55,9.0,46,4.0,13.0,0.8666666666666667,29.0,15.0,9.0,1.0,,,,,,,0.9439731306122168
2012-05-13,38,True,QPR,3,2,3,89,86,15.0,1.0,90,15.0,27,1.0,13.0,0.8666666666666667,52.0,10.0,12.0,4.0,,,,,,,1.1021069692058347,0.538116591928251,False,0.8433734939759036,0.4018912529550827,True,2.1116042998063635,37,9.0,0.6,41,6.0,63,7.0,,,,,,,0.0,0.0,17.0,38.0,3.0,14.0,-0.8362193665899843
