Date,Round,isHome,Rival,Goal,Conceded,Points,CumPoints,bCumPoints,b5MatchPoints,b5MatchPointRatio,bCumGoal,b5MatchGoal,bCumConceded,b5MatchConceded,b5HomeMatchPoints,b5HomeMatchPointRatio,bHomeCumGoal,bHomeCumConceded,b5HomeMatchGoal,b5HomeMatchConceded,b5AwayMatchPoints,b5AwayMatchPointRatio,bAwayCumGoal,bAwayCumConceded,b5AwayMatchGoal,b5AwayMatchConceded,SelfAS,SelfDS,SelfFromCL,RivalAS,RivalDS,RivalFromCL,bStdCumPoints,bRivalCumPoints,bRival5MatchPoints,bRival5MatchPointRatio,bRivalCumGoal,bRival5MatchGoal,bRivalCumConceded,bRival5MatchConceded,bRival5HomeMatchPoints,bRival5HomeMatchPointRatio,bRivalHomeCumGoal,bRivalHomeCumConceded,bRival5HomeMatchGoal,bRival5HomeMatchConceded,bRival5AwayMatchPoints,bRival5AwayMatchPointRatio,bRivalAwayCumGoal,bRivalAwayCumConceded,bRival5AwayMatchGoal,bRival5AwayMatchConceded,bRivalStdCumPoints
2014-08-16,1,False,West Brom,2,2,1,1,0,0.0,,0,0.0,0,0.0,,,,,,,0.0,,0.0,0.0,0.0,0.0,0.8810572687224669,1.1036789297658862,False,0.8026755852842808,1.1894273127753303,False,,0,0.0,,0,0.0,0,0.0,0.0,,0.0,0.0,0.0,0.0,,,,,,,
2014-08-24,2,True,Man Utd,1,1,1,2,1,1.0,0.3333333333333333,2,2.0,2,2.0,0.0,,0.0,0.0,0.0,0.0,,,,,,,0.7023411371237459,1.1894273127753303,False,1.5418502202643172,0.7357859531772576,False,-0.2874172848876244,0,0.0,0.0,1,1.0,2,2.0,,,,,,,0.0,,0.0,0.0,0.0,0.0,-1.0059604971066856
2014-08-30,3,False,QPR,0,1,0,2,2,2.0,0.3333333333333333,3,3.0,3,3.0,,,,,,,1.0,0.3333333333333333,2.0,2.0,2.0,2.0,0.8810572687224669,1.1036789297658862,False,0.9583858764186632,0.5616224648985959,True,-0.30454860954339,0,0.0,0.0,0,0.0,5,5.0,0.0,0.0,0.0,1.0,0.0,1.0,,,,,,,-1.2416212542922824
2014-09-13,4,True,Spurs,2,2,1,3,2,2.0,0.2222222222222222,3,3.0,4,4.0,1.0,0.3333333333333333,1.0,1.0,1.0,1.0,,,,,,,0.7023411371237459,1.1894273127753303,False,1.1013215859030838,0.9364548494983276,False,-0.8094272134003795,6,6.0,0.6666666666666666,5,5.0,3,3.0,,,,,,,3.0,1.0,1.0,0.0,1.0,0.0,0.8094272134003795
2014-09-20,5,False,Burnley,0,0,1,4,3,3.0,0.25,5,5.0,6,6.0,,,,,,,1.0,0.1666666666666666,2.0,3.0,2.0,3.0,0.8810572687224669,1.1036789297658862,False,0.9331651954602774,0.4368174726989079,True,-0.8235321051453478,2,2.0,0.1666666666666666,1,1.0,4,4.0,1.0,0.1666666666666666,1.0,3.0,1.0,3.0,,,,,,,-1.1815895421650642
2014-09-27,6,True,Swansea,0,0,1,5,4,4.0,0.2666666666666666,5,5.0,6,6.0,2.0,0.3333333333333333,3.0,3.0,3.0,3.0,,,,,,,0.7023411371237459,1.1894273127753303,False,0.9251101321585904,0.9364548494983276,False,-0.9834473421077484,9,9.0,0.6,8,8.0,6,6.0,,,,,,,3.0,0.5,4.0,5.0,4.0,5.0,0.9077975465609988
2014-10-04,7,True,Stoke,3,1,3,8,5,4.0,0.2666666666666666,5,3.0,6,4.0,3.0,0.3333333333333333,3.0,3.0,3.0,3.0,,,,,,,0.7023411371237459,1.1894273127753303,False,0.7929515418502202,1.1705685618729096,False,-0.9209524269253307,8,8.0,0.5333333333333333,5,5.0,5,4.0,,,,,,,5.0,0.5555555555555556,4.0,3.0,4.0,3.0,0.0156093631682258
2014-10-18,8,False,Southampton,0,8,0,8,8,6.0,0.4,8,5.0,7,4.0,,,,,,,2.0,0.2222222222222222,2.0,3.0,2.0,3.0,0.8810572687224669,1.1036789297658862,False,1.0702341137123743,1.013215859030837,False,-0.3778417373433804,13,12.0,0.8,11,10.0,5,3.0,7.0,0.7777777777777778,6.0,1.0,6.0,1.0,,,,,,,1.0215721046691402
2014-10-25,9,True,Arsenal,0,2,0,8,8,6.0,0.4,8,5.0,15,11.0,6.0,0.5,6.0,4.0,6.0,4.0,,,,,,,0.7023411371237459,1.1894273127753303,False,1.4096916299559472,1.0033444816053512,False,-0.6541863583960928,11,6.0,0.4,13,8.0,11,7.0,,,,,,,5.0,0.4166666666666667,6.0,5.0,6.0,5.0,0.0594714871269175
2014-11-04,10,False,Crystal Palace,3,1,3,11,8,5.0,0.3333333333333333,8,3.0,17,11.0,,,,,,,2.0,0.1666666666666666,2.0,11.0,2.0,11.0,0.8810572687224669,1.1036789297658862,False,0.6020066889632106,1.013215859030837,False,-0.939564016837472,9,7.0,0.4666666666666667,13,8.0,16,8.0,4.0,0.3333333333333333,4.0,5.0,4.0,5.0,,,,,,,-0.7104020615112593
2014-11-09,11,True,Everton,1,1,1,12,11,7.0,0.4666666666666667,11,6.0,18,12.0,6.0,0.4,6.0,6.0,6.0,6.0,,,,,,,0.7023411371237459,1.1894273127753303,False,1.013215859030837,0.6688963210702341,False,-0.4878277891877497,13,8.0,0.5333333333333333,19,8.0,17,4.0,,,,,,,8.0,0.6666666666666666,9.0,6.0,9.0,6.0,-0.0975655578375499
2014-11-22,12,False,Leicester,0,0,1,13,12,7.0,0.4666666666666667,12,7.0,19,13.0,,,,,,,5.0,0.4166666666666667,5.0,12.0,5.0,12.0,0.8810572687224669,1.1036789297658862,False,1.1601513240857502,0.6864274570982839,True,-0.5120707609224114,9,1.0,0.0666666666666666,11,2.0,18,8.0,6.0,0.4,10.0,9.0,10.0,9.0,,,,,,,-1.0510926145249495
2014-11-30,13,True,Chelsea,0,0,1,14,13,5.0,0.3333333333333333,12,4.0,19,12.0,6.0,0.4,7.0,7.0,6.0,6.0,,,,,,,0.7023411371237459,1.1894273127753303,False,1.2334801762114538,0.5351170568561873,False,-0.5498673012320504,32,13.0,0.8666666666666667,30,9.0,11,4.0,,,,,,,11.0,0.9166666666666666,15.0,8.0,12.0,7.0,2.6647415367399367
2014-12-04,14,True,Man City,1,4,0,14,14,6.0,0.4,12,4.0,19,4.0,6.0,0.4,7.0,7.0,4.0,4.0,,,,,,,0.7023411371237459,1.1894273127753303,False,1.7180616740088108,0.8026755852842808,False,-0.5869309743594755,27,10.0,0.6666666666666666,27,9.0,13,5.0,,,,,,,10.0,0.8333333333333334,16.0,8.0,12.0,6.0,1.5325419886052962
2014-12-06,15,False,Liverpool,0,0,1,15,14,6.0,0.4,13,5.0,23,6.0,,,,,,,5.0,0.4166666666666667,5.0,12.0,3.0,10.0,0.8810572687224669,1.1036789297658862,False,1.7725752508361203,0.7929515418502202,False,-0.7208978112513301,20,6.0,0.4,19,6.0,19,7.0,8.0,0.5333333333333333,7.0,6.0,5.0,4.0,,,,,,,0.144179562250266
2014-12-13,16,True,West Ham,1,1,1,16,15,4.0,0.2666666666666666,13,2.0,23,5.0,5.0,0.3333333333333333,8.0,11.0,5.0,8.0,,,,,,,0.7023411371237459,1.1894273127753303,False,0.6607929515418502,0.8361204013377928,False,-0.7563853339018082,27,10.0,0.6666666666666666,26,7.0,18,4.0,,,,,,,7.0,0.5833333333333334,14.0,11.0,9.0,8.0,0.9401799010181348
2014-12-21,17,False,Newcastle,1,0,3,19,16,4.0,0.2666666666666666,14,2.0,24,5.0,,,,,,,6.0,0.5,5.0,12.0,3.0,9.0,0.8810572687224669,1.1036789297658862,False,0.7692307692307693,1.2334801762114538,False,-0.7537306416564402,23,7.0,0.4666666666666667,18,5.0,22,7.0,13.0,0.8666666666666667,10.0,8.0,7.0,3.0,,,,,,,0.1638544873166174
2014-12-26,18,True,Hull,1,3,0,19,19,6.0,0.4,15,3.0,24,5.0,3.0,0.2,9.0,12.0,3.0,8.0,,,,,,,0.7023411371237459,1.1894273127753303,False,0.7929515418502202,1.0702341137123743,False,-0.4925965552887099,13,2.0,0.1333333333333333,15,1.0,24,7.0,,,,,,,2.0,0.1666666666666666,7.0,13.0,1.0,7.0,-1.2047843460675678
2014-12-28,19,False,Aston Villa,0,0,1,20,19,5.0,0.3333333333333333,16,4.0,27,8.0,,,,,,,8.0,0.6666666666666666,6.0,12.0,4.0,9.0,0.8810572687224669,1.1036789297658862,False,0.7357859531772576,1.2775330396475773,False,-0.6054597821927484,20,7.0,0.4666666666666667,11,4.0,22,4.0,5.0,0.3333333333333333,7.0,11.0,5.0,7.0,,,,,,,-0.4982987587958017
2015-01-01,20,False,Man City,2,3,0,20,20,6.0,0.4,16,3.0,27,4.0,,,,,,,9.0,0.75,6.0,12.0,4.0,1.0,0.8810572687224669,1.1036789297658862,False,2.1070234113712374,0.5726872246696035,False,-0.6339285087728916,43,13.0,0.8666666666666667,41,10.0,17,3.0,13.0,0.8666666666666667,17.0,7.0,9.0,3.0,,,,,,,1.8373182203417715
2015-01-10,21,True,Liverpool,0,1,0,20,20,5.0,0.3333333333333333,18,5.0,30,7.0,3.0,0.2,10.0,15.0,4.0,9.0,,,,,,,0.7023411371237459,1.1894273127753303,False,2.1145374449339207,1.0702341137123743,False,-0.7484494831620097,29,8.0,0.5333333333333333,28,9.0,27,8.0,,,,,,,6.0,0.5,13.0,16.0,5.0,8.0,0.2002892983109601
2015-01-17,22,False,Spurs,1,2,0,20,20,4.0,0.2666666666666666,18,4.0,31,7.0,,,,,,,6.0,0.5,8.0,15.0,3.0,3.0,0.8810572687224669,1.1036789297658862,False,1.0033444816053512,1.013215859030837,False,-0.8869476973108635,34,10.0,0.6666666666666666,30,10.0,29,7.0,11.0,0.7333333333333333,16.0,13.0,9.0,5.0,,,,,,,0.5739073335540882
2015-01-31,23,True,Burnley,2,0,3,23,20,1.0,0.0666666666666666,19,4.0,33,9.0,2.0,0.1333333333333333,10.0,16.0,3.0,9.0,,,,,,,0.7023411371237459,1.1894273127753303,False,1.0920436817472698,0.5800756620428751,True,-0.9567517198199474,20,5.0,0.3333333333333333,21,9.0,36,10.0,,,,,,,5.0,0.4166666666666667,10.0,20.0,8.0,10.0,-0.9567517198199474
2015-02-07,24,False,Swansea,1,1,1,24,23,4.0,0.2666666666666666,21,5.0,33,6.0,,,,,,,5.0,0.4166666666666667,9.0,17.0,4.0,5.0,0.8810572687224669,1.1036789297658862,False,1.1036789297658862,1.145374449339207,False,-0.7741810015596905,33,5.0,0.3333333333333333,27,4.0,30,11.0,7.0,0.4666666666666667,16.0,13.0,5.0,8.0,,,,,,,0.1474630479161316
2015-02-11,25,True,QPR,0,2,0,24,24,4.0,0.2666666666666666,22,6.0,34,7.0,4.0,0.2666666666666666,12.0,16.0,5.0,9.0,,,,,,,0.7023411371237459,1.1894273127753303,False,0.6864274570982839,0.6557377049180327,True,-0.7593907604035037,19,1.0,0.0666666666666666,24,3.0,43,9.0,,,,,,,0.0,0.0,6.0,27.0,4.0,12.0,-1.2008970164520525
2015-02-21,26,True,West Brom,0,0,1,25,24,4.0,0.2666666666666666,22,4.0,36,6.0,4.0,0.2666666666666666,12.0,18.0,4.0,7.0,,,,,,,0.7023411371237459,1.1894273127753303,False,0.8370044052863437,1.0702341137123743,False,-0.8423091416262881,26,8.0,0.5333333333333333,24,5.0,34,5.0,,,,,,,3.0,0.25,8.0,15.0,5.0,8.0,-0.6738473133010305
2015-02-28,27,False,Man Utd,0,2,0,25,25,5.0,0.3333333333333333,22,4.0,36,5.0,,,,,,,5.0,0.4166666666666667,10.0,18.0,5.0,6.0,0.8810572687224669,1.1036789297658862,False,0.9698996655518396,0.9251101321585904,False,-0.845123409119837,47,10.0,0.6666666666666666,44,10.0,26,5.0,12.0,0.8,28.0,10.0,12.0,4.0,,,,,,,0.9599945521069996
2015-03-04,28,False,Hull,1,1,1,26,25,5.0,0.3333333333333333,22,3.0,38,5.0,,,,,,,2.0,0.1666666666666666,10.0,20.0,4.0,8.0,0.8810572687224669,1.1036789297658862,False,0.6688963210702341,0.9251101321585904,False,-0.9139471089781936,26,7.0,0.4666666666666667,25,5.0,36,6.0,9.0,0.6,14.0,16.0,6.0,5.0,,,,,,,-0.836493964149533
2015-03-14,29,True,Aston Villa,0,4,0,26,26,3.0,0.2,23,2.0,39,6.0,4.0,0.2666666666666666,12.0,18.0,3.0,6.0,,,,,,,0.7023411371237459,1.1894273127753303,False,0.748898678414097,1.0702341137123743,False,-0.8918762774787955,25,3.0,0.2,15,4.0,38,8.0,,,,,,,0.0,0.0,4.0,20.0,0.0,10.0,-0.9649808903868936
2015-03-22,30,False,West Ham,0,1,0,26,26,2.0,0.1333333333333333,23,1.0,43,9.0,,,,,,,2.0,0.1666666666666666,11.0,21.0,5.0,9.0,0.8810572687224669,1.1036789297658862,False,0.8361204013377928,1.145374449339207,False,-0.9815385726232524,39,2.0,0.1333333333333333,39,3.0,37,9.0,5.0,0.3333333333333333,21.0,15.0,6.0,6.0,,,,,,,-0.0467399320296785
2015-04-05,31,True,Newcastle,1,0,3,29,26,2.0,0.1333333333333333,23,1.0,44,8.0,4.0,0.2666666666666666,12.0,22.0,2.0,7.0,,,,,,,0.7023411371237459,1.1894273127753303,False,0.8810572687224669,1.0367892976588629,False,-1.0412615125492992,35,3.0,0.2,33,2.0,48,11.0,,,,,,,4.0,0.3333333333333333,13.0,28.0,4.0,11.0,-0.428754740461476
2015-04-11,32,True,Crystal Palace,1,4,0,29,29,4.0,0.2666666666666666,24,2.0,44,8.0,7.0,0.4666666666666667,13.0,22.0,3.0,6.0,,,,,,,0.7023411371237459,1.1894273127753303,False,0.6607929515418502,0.8361204013377928,False,-0.931970915761681,39,12.0,0.8,38,10.0,42,5.0,,,,,,,12.0,1.0,19.0,21.0,9.0,5.0,-0.254173886116822
2015-04-25,33,False,Stoke,1,1,1,30,29,4.0,0.2666666666666666,25,3.0,48,10.0,,,,,,,2.0,0.1666666666666666,11.0,22.0,3.0,7.0,0.8810572687224669,1.1036789297658862,False,0.903010033444816,0.748898678414097,False,-0.979676276987438,46,4.0,0.2666666666666666,38,5.0,41,7.0,9.0,0.6,22.0,20.0,7.0,7.0,,,,,,,0.0327783091783257
2015-05-02,34,True,Southampton,2,1,3,33,30,4.0,0.2666666666666666,26,3.0,49,10.0,4.0,0.2666666666666666,14.0,26.0,2.0,10.0,,,,,,,0.7023411371237459,1.1894273127753303,False,0.9691629955947136,0.7692307692307693,False,-1.0161275845280973,57,7.0,0.4666666666666667,47,7.0,26,5.0,,,,,,,4.0,0.3333333333333333,16.0,14.0,3.0,5.0,0.6476567273493821
2015-05-09,35,False,Everton,2,0,3,36,33,7.0,0.4666666666666667,28,5.0,50,7.0,,,,,,,3.0,0.25,12.0,23.0,3.0,6.0,0.8810572687224669,1.1036789297658862,False,1.2709030100334449,0.8370044052863437,False,-0.8837483422452161,44,10.0,0.6666666666666666,46,8.0,46,4.0,13.0,0.8666666666666667,27.0,18.0,10.0,2.0,,,,,,,-0.2649849904595722
2015-05-16,36,True,Leicester,0,0,1,37,36,10.0,0.6666666666666666,30,7.0,50,6.0,7.0,0.4666666666666667,16.0,27.0,4.0,9.0,,,,,,,0.7023411371237459,1.1894273127753303,False,1.154446177847114,0.5296343001261035,True,-0.7697183056206619,37,12.0,0.8,41,9.0,54,3.0,,,,,,,7.0,0.5833333333333334,18.0,33.0,9.0,10.0,-0.7868906323865816
2015-05-21,37,False,Arsenal,0,0,1,38,37,8.0,0.5333333333333333,30,6.0,50,6.0,,,,,,,5.0,0.4166666666666667,14.0,23.0,4.0,5.0,0.8810572687224669,1.1036789297658862,False,1.2040133779264213,0.4845814977973569,False,-0.7868906323865816,71,8.0,0.5333333333333333,67,5.0,35,3.0,10.0,0.6666666666666666,37.0,13.0,9.0,2.0,,,,,,,1.3449246266686996
2015-05-24,38,False,Chelsea,1,3,0,38,38,9.0,0.6,30,5.0,50,2.0,,,,,,,6.0,0.5,14.0,23.0,4.0,3.0,0.8810572687224669,1.1036789297658862,False,1.4381270903010033,0.4845814977973569,False,-0.8094347611758319,84,8.0,0.5333333333333333,70,5.0,31,5.0,11.0,0.7333333333333333,33.0,8.0,6.0,3.0,,,,,,,2.076921751544189
