Date,Round,isHome,Rival,Goal,Conceded,Points,CumPoints,bCumPoints,b5MatchPoints,b5MatchPointRatio,bCumGoal,b5MatchGoal,bCumConceded,b5MatchConceded,b5HomeMatchPoints,b5HomeMatchPointRatio,bHomeCumGoal,bHomeCumConceded,b5HomeMatchGoal,b5HomeMatchConceded,b5AwayMatchPoints,b5AwayMatchPointRatio,bAwayCumGoal,bAwayCumConceded,b5AwayMatchGoal,b5AwayMatchConceded,SelfAS,SelfDS,SelfFromCL,RivalAS,RivalDS,RivalFromCL,bStdCumPoints,bRivalCumPoints,bRival5MatchPoints,bRival5MatchPointRatio,bRivalCumGoal,bRival5MatchGoal,bRivalCumConceded,bRival5MatchConceded,bRival5HomeMatchPoints,bRival5HomeMatchPointRatio,bRivalHomeCumGoal,bRivalHomeCumConceded,bRival5HomeMatchGoal,bRival5HomeMatchConceded,bRival5AwayMatchPoints,bRival5AwayMatchPointRatio,bRivalAwayCumGoal,bRivalAwayCumConceded,bRival5AwayMatchGoal,bRival5AwayMatchConceded,bRivalStdCumPoints
2012-08-18,1,True,Stoke,1,1,1,1,0,0.0,,0,0.0,0,0.0,0.0,,0.0,0.0,0.0,0.0,,,,,,,0.9254498714652956,0.5616224648985959,True,0.4761904761904762,1.0927152317880795,False,,0,0.0,,0,0.0,0,0.0,,,,,,,0.0,,0.0,0.0,0.0,0.0,
2012-08-23,2,False,Chelsea,2,4,0,1,1,1.0,0.3333333333333333,1,1.0,1,1.0,,,,,,,0.0,,0.0,0.0,0.0,0.0,1.029641185647426,0.5912596401028278,True,1.3576158940397351,1.0389610389610389,False,-0.2874172848876244,3,3.0,1.0,2,2.0,0,0.0,0.0,,0.0,0.0,0.0,0.0,,,,,,,1.149669139550498
2012-09-16,3,True,Spurs,1,3,0,1,1,1.0,0.1666666666666666,3,3.0,5,5.0,1.0,0.3333333333333333,1.0,1.0,1.0,1.0,,,,,,,0.9254498714652956,0.5616224648985959,True,1.1688311688311688,0.7947019867549668,False,-0.8533133730200474,2,2.0,0.2222222222222222,3,3.0,4,4.0,,,,,,,0.0,0.0,1.0,2.0,1.0,2.0,-0.7325967277917674
2012-09-22,4,False,West Brom,0,1,0,1,1,1.0,0.1111111111111111,4,4.0,8,8.0,,,,,,,0.0,0.0,2.0,4.0,2.0,4.0,1.029641185647426,0.5912596401028278,True,0.695364238410596,0.9523809523809524,False,-1.1181739529453292,7,7.0,0.5833333333333334,6,6.0,4,4.0,6.0,1.0,5.0,0.0,5.0,0.0,,,,,,,0.6754060057002398
2012-09-29,5,True,Newcastle,2,2,1,2,1,1.0,0.0833333333333333,4,4.0,9,9.0,1.0,0.1666666666666666,2.0,4.0,2.0,4.0,,,,,,,0.9254498714652956,0.5616224648985959,True,1.1688311688311688,1.1258278145695364,False,-1.5150999587329708,8,8.0,0.5333333333333333,6,6.0,6,6.0,,,,,,,1.0,0.1666666666666666,2.0,4.0,2.0,4.0,0.3767678635293962
2012-10-06,6,False,Swansea,2,2,1,3,2,2.0,0.1333333333333333,6,6.0,11,11.0,,,,,,,0.0,0.0,2.0,5.0,2.0,5.0,1.029641185647426,0.5912596401028278,True,0.8940397350993377,0.7792207792207791,False,-1.3621607373755096,7,4.0,0.2666666666666666,10,5.0,9,9.0,4.0,0.4444444444444444,5.0,5.0,5.0,5.0,,,,,,,-0.2394975785866202
2012-10-20,7,False,Liverpool,0,1,0,3,3,2.0,0.1333333333333333,8,7.0,13,12.0,,,,,,,1.0,0.1111111111111111,4.0,7.0,4.0,7.0,1.029641185647426,0.5912596401028278,True,0.7947019867549668,0.6926406926406926,False,-1.2479084357934422,6,5.0,0.3333333333333333,9,7.0,12,7.0,2.0,0.1666666666666666,3.0,6.0,3.0,6.0,,,,,,,-0.66799709751627
2012-10-27,8,True,Fulham,3,3,1,4,3,2.0,0.1333333333333333,8,5.0,14,9.0,2.0,0.2222222222222222,4.0,6.0,4.0,6.0,,,,,,,0.9254498714652956,0.5616224648985959,True,0.5194805194805194,0.8278145695364238,False,-1.284609802915904,13,10.0,0.6666666666666666,16,9.0,11,5.0,,,,,,,4.0,0.3333333333333333,6.0,9.0,6.0,9.0,0.4305512752160748
2012-11-04,9,False,QPR,1,1,1,5,4,3.0,0.2,11,7.0,17,9.0,,,,,,,1.0,0.0833333333333333,4.0,8.0,4.0,8.0,1.029641185647426,0.5912596401028278,True,0.7947019867549668,1.0822510822510822,False,-1.2542145843250871,3,1.0,0.0666666666666666,7,5.0,18,9.0,2.0,0.1666666666666666,2.0,8.0,2.0,8.0,,,,,,,-1.5680938522387209
2012-11-10,10,True,Norwich,0,0,1,6,5,4.0,0.2666666666666666,12,8.0,18,9.0,3.0,0.25,7.0,9.0,7.0,9.0,,,,,,,0.9254498714652956,0.5616224648985959,True,1.0389610389610389,1.1920529801324502,False,-1.2176818182188949,10,7.0,0.4666666666666667,8,6.0,18,10.0,,,,,,,2.0,0.1666666666666666,3.0,12.0,3.0,12.0,-0.5517068747029467
2012-11-17,11,True,Everton,2,1,3,9,6,4.0,0.2666666666666666,12,6.0,18,7.0,4.0,0.2666666666666666,7.0,9.0,7.0,9.0,,,,,,,0.9254498714652956,0.5616224648985959,True,0.9523809523809524,0.8278145695364238,False,-1.2413404680816302,20,7.0,0.4666666666666667,21,9.0,14,8.0,,,,,,,6.0,0.5,11.0,8.0,8.0,7.0,0.8379912286910033
2012-11-24,12,False,Wigan,2,3,0,9,9,6.0,0.4,14,6.0,19,6.0,,,,,,,2.0,0.1666666666666666,5.0,9.0,5.0,9.0,1.029641185647426,0.5912596401028278,True,0.728476821192053,1.1688311688311688,False,-0.9177999171377654,11,6.0,0.4,12,5.0,21,8.0,5.0,0.3333333333333333,8.0,11.0,8.0,9.0,,,,,,,-0.7658415256949614
2012-11-28,13,False,Aston Villa,0,1,0,9,9,6.0,0.4,16,8.0,22,8.0,,,,,,,2.0,0.1666666666666666,7.0,12.0,5.0,8.0,1.029641185647426,0.5912596401028278,True,0.662251655629139,1.0822510822510822,False,-1.0784299035296396,10,5.0,0.3333333333333333,10,4.0,22,9.0,6.0,0.4,7.0,8.0,6.0,5.0,,,,,,,-1.0815570902107137
2012-12-02,14,True,Man Utd,3,4,0,9,9,5.0,0.3333333333333333,16,5.0,23,6.0,6.0,0.4,9.0,10.0,8.0,9.0,,,,,,,0.9254498714652956,0.5616224648985959,True,1.6017316017316017,0.4635761589403973,False,-1.2307373785156397,33,12.0,0.8,33,9.0,18,5.0,,,,,,,12.0,1.0,14.0,9.0,11.0,6.0,2.0220762154491
2012-12-08,15,False,Southampton,0,1,0,9,9,4.0,0.2666666666666666,19,7.0,27,9.0,,,,,,,2.0,0.1666666666666666,7.0,13.0,5.0,8.0,1.029641185647426,0.5912596401028278,True,1.2596401028277635,0.5616224648985959,True,-1.3248085549494102,12,8.0,0.5333333333333333,21,7.0,32,4.0,6.0,0.4,13.0,12.0,7.0,6.0,,,,,,,-1.04696075650472
2012-12-12,16,False,Sunderland,0,3,0,9,9,3.0,0.2,19,7.0,28,10.0,,,,,,,1.0,0.0833333333333333,7.0,14.0,3.0,7.0,1.029641185647426,0.5912596401028278,True,0.8609271523178808,0.7359307359307359,False,-1.4445407906204362,13,4.0,0.2666666666666666,14,7.0,21,10.0,2.0,0.1333333333333333,6.0,10.0,4.0,9.0,,,,,,,-0.9144340784661475
2012-12-18,17,True,Arsenal,2,5,0,9,9,0.0,0.0,19,5.0,31,12.0,6.0,0.4,12.0,14.0,10.0,10.0,,,,,,,0.9254498714652956,0.5616224648985959,True,1.5151515151515151,1.0596026490066224,False,-1.6267032149892366,24,8.0,0.5333333333333333,26,8.0,16,5.0,,,,,,,5.0,0.4166666666666667,8.0,6.0,5.0,5.0,0.3331801765640606
2012-12-22,18,False,Man City,0,1,0,9,9,0.0,0.0,21,5.0,36,14.0,,,,,,,1.0,0.0833333333333333,7.0,17.0,3.0,9.0,1.029641185647426,0.5912596401028278,True,1.8211920529801324,0.5194805194805194,False,-1.666359284950946,36,8.0,0.5333333333333333,33,8.0,15,5.0,10.0,0.6666666666666666,21.0,9.0,11.0,5.0,,,,,,,1.5821389600797786
2012-12-26,19,True,Swansea,0,0,1,10,9,0.0,0.0,21,5.0,37,14.0,5.0,0.3333333333333333,14.0,19.0,10.0,13.0,,,,,,,0.9254498714652956,0.5616224648985959,True,0.7359307359307359,1.0927152317880795,False,-1.714997986250964,24,7.0,0.4666666666666667,27,9.0,23,7.0,,,,,,,7.0,0.5833333333333334,10.0,8.0,5.0,4.0,-0.033627411495117
2012-12-29,20,True,West Ham,1,0,3,13,10,1.0,0.0666666666666666,21,2.0,37,10.0,5.0,0.3333333333333333,14.0,19.0,7.0,10.0,,,,,,,0.9254498714652956,0.5616224648985959,True,1.2480499219968797,0.5655526992287918,True,-1.6228790351144102,23,4.0,0.2666666666666666,22,6.0,22,7.0,,,,,,,4.0,0.3333333333333333,5.0,10.0,3.0,6.0,-0.1457187831455068
2013-01-01,21,False,Spurs,1,3,0,13,13,4.0,0.2666666666666666,22,3.0,37,9.0,,,,,,,0.0,0.0,7.0,18.0,2.0,9.0,1.029641185647426,0.5912596401028278,True,1.2913907284768211,0.7359307359307359,False,-1.4120968984652766,36,10.0,0.6666666666666666,36,8.0,26,3.0,10.0,0.6666666666666666,14.0,10.0,6.0,3.0,,,,,,,0.8995208000899805
2013-01-12,22,True,West Brom,3,2,3,16,13,4.0,0.2666666666666666,23,4.0,40,9.0,7.0,0.4666666666666667,15.0,19.0,8.0,10.0,,,,,,,0.9254498714652956,0.5616224648985959,True,1.0389610389610389,0.9933774834437086,False,-1.476102395371985,33,7.0,0.4666666666666667,29,5.0,27,6.0,,,,,,,6.0,0.5,12.0,18.0,7.0,10.0,0.4285458567208988
2013-01-19,23,False,Newcastle,2,1,3,19,16,7.0,0.4666666666666667,26,5.0,42,6.0,,,,,,,0.0,0.0,8.0,21.0,1.0,9.0,1.029641185647426,0.5912596401028278,True,0.9602649006622516,0.7359307359307359,False,-1.2741672174775636,21,4.0,0.2666666666666666,27,8.0,39,13.0,6.0,0.4,13.0,14.0,7.0,7.0,,,,,,,-0.8074392989876136
2013-01-31,24,True,Chelsea,2,2,1,20,19,10.0,0.6666666666666666,28,7.0,43,6.0,7.0,0.4666666666666667,18.0,21.0,9.0,11.0,,,,,,,0.9254498714652956,0.5616224648985959,True,1.0389610389610389,0.728476821192053,False,-1.0842063054650823,45,10.0,0.6666666666666666,47,10.0,22,5.0,,,,,,,12.0,1.0,21.0,11.0,11.0,5.0,1.255159996783228
2013-02-02,25,True,Sunderland,2,1,3,23,20,10.0,0.6666666666666666,30,9.0,45,8.0,8.0,0.5333333333333333,20.0,23.0,8.0,9.0,,,,,,,0.9254498714652956,0.5616224648985959,True,0.8225108225108225,0.9602649006622516,False,-1.0744504500498424,29,7.0,0.4666666666666667,27,7.0,31,7.0,,,,,,,6.0,0.5,13.0,19.0,6.0,10.0,-0.2850582826662847
2013-02-09,26,False,Stoke,1,2,0,23,23,10.0,0.6666666666666666,32,10.0,46,9.0,,,,,,,3.0,0.25,10.0,22.0,3.0,9.0,1.029641185647426,0.5912596401028278,True,0.8278145695364238,0.8658008658008658,False,-0.9108536476759866,30,1.0,0.0666666666666666,24,3.0,30,13.0,6.0,0.4,16.0,13.0,9.0,11.0,,,,,,,-0.3064957771800712
2013-02-23,27,True,Wigan,0,3,0,23,23,10.0,0.6666666666666666,33,10.0,48,8.0,11.0,0.7333333333333333,22.0,24.0,8.0,5.0,,,,,,,0.9254498714652956,0.5616224648985959,True,0.8658008658008658,1.1589403973509933,False,-0.9924118144718148,21,3.0,0.2,30,8.0,51,12.0,,,,,,,5.0,0.4166666666666667,13.0,24.0,8.0,9.0,-1.1578137835504505
2013-03-02,28,False,Everton,1,3,0,23,23,7.0,0.4666666666666667,33,7.0,51,9.0,,,,,,,3.0,0.25,11.0,24.0,4.0,10.0,1.029641185647426,0.5912596401028278,True,0.9271523178807948,0.6493506493506493,False,-1.0642970284969877,42,5.0,0.3333333333333333,41,6.0,34,8.0,8.0,0.5333333333333333,22.0,16.0,8.0,7.0,,,,,,,0.4336024930913653
2013-03-09,29,True,Aston Villa,1,2,0,23,23,4.0,0.2666666666666666,34,6.0,54,11.0,10.0,0.6666666666666666,22.0,27.0,8.0,8.0,,,,,,,0.9254498714652956,0.5616224648985959,True,0.7359307359307359,0.9271523178807948,False,-1.1115560992775704,24,4.0,0.2666666666666666,26,7.0,53,9.0,,,,,,,3.0,0.25,15.0,33.0,8.0,17.0,-1.0372045207305758
2013-03-17,30,False,Man Utd,0,1,0,23,23,3.0,0.2,35,5.0,56,11.0,,,,,,,3.0,0.25,12.0,27.0,5.0,10.0,1.029641185647426,0.5912596401028278,True,1.7218543046357615,0.8225108225108225,False,-1.2293482544815668,71,15.0,1.0,68,11.0,31,1.0,15.0,1.0,38.0,15.0,12.0,2.0,,,,,,,2.457319670978173
2013-03-30,31,False,Arsenal,1,4,0,23,23,0.0,0.0,35,3.0,57,11.0,,,,,,,3.0,0.25,12.0,28.0,5.0,10.0,1.029641185647426,0.5912596401028278,True,1.2913907284768211,0.7359307359307359,False,-1.3164038697730758,50,12.0,0.8,55,7.0,32,3.0,10.0,0.6666666666666666,35.0,19.0,10.0,6.0,,,,,,,0.7582207797101875
2013-04-06,32,True,Southampton,0,2,0,23,23,0.0,0.0,36,3.0,61,13.0,7.0,0.4666666666666667,23.0,29.0,8.0,10.0,,,,,,,0.9254498714652956,0.5616224648985959,True,1.1232449297971918,0.7197943444730077,True,-1.3321270432112702,34,7.0,0.4666666666666667,44,8.0,53,8.0,,,,,,,3.0,0.25,20.0,34.0,7.0,10.0,-0.5728836507074373
2013-04-13,33,True,Liverpool,0,0,1,24,23,0.0,0.0,36,3.0,63,12.0,4.0,0.2666666666666666,23.0,31.0,5.0,10.0,,,,,,,0.9254498714652956,0.5616224648985959,True,0.9956709956709956,0.7947019867549668,False,-1.3728384048982791,49,10.0,0.6666666666666666,59,10.0,40,6.0,,,,,,,8.0,0.6666666666666666,29.0,26.0,11.0,8.0,0.3390943781883038
2013-04-20,34,False,Norwich,1,2,0,24,24,1.0,0.0666666666666666,36,2.0,63,9.0,,,,,,,3.0,0.25,13.0,32.0,5.0,11.0,1.029641185647426,0.5912596401028278,True,0.9271523178807948,1.2987012987012987,False,-1.348026547408872,35,3.0,0.2,31,4.0,52,7.0,7.0,0.4666666666666667,18.0,17.0,5.0,4.0,,,,,,,-0.6316839376746889
2013-04-28,35,True,QPR,0,0,1,25,24,1.0,0.0666666666666666,37,2.0,65,9.0,4.0,0.2666666666666666,23.0,31.0,3.0,8.0,,,,,,,0.9254498714652956,0.5616224648985959,True,0.8225108225108225,1.3576158940397351,False,-1.3980392245607007,24,1.0,0.0666666666666666,29,5.0,56,11.0,,,,,,,3.0,0.25,17.0,31.0,7.0,13.0,-1.3980392245607007
2013-05-04,36,False,Fulham,4,2,3,28,25,2.0,0.1333333333333333,37,2.0,65,8.0,,,,,,,0.0,0.0,14.0,34.0,4.0,12.0,1.029641185647426,0.5912596401028278,True,1.1920529801324502,1.1255411255411256,False,-1.39560491583263,40,1.0,0.0666666666666666,44,1.0,53,7.0,6.0,0.4,25.0,23.0,4.0,7.0,,,,,,,-0.4713632497183054
2013-05-15,37,True,Man City,0,2,0,28,28,5.0,0.3333333333333333,41,5.0,67,6.0,2.0,0.1333333333333333,23.0,31.0,1.0,7.0,,,,,,,0.9254498714652956,0.5616224648985959,True,1.645021645021645,0.5629139072847682,False,-1.2709116951937578,75,10.0,0.6666666666666666,62,5.0,31,4.0,,,,,,,7.0,0.5833333333333334,23.0,19.0,4.0,6.0,1.600859923753676
2013-05-19,38,False,West Ham,2,4,0,28,28,5.0,0.3333333333333333,41,5.0,69,6.0,,,,,,,3.0,0.25,18.0,36.0,7.0,12.0,1.029641185647426,0.5912596401028278,True,1.0539845758354756,0.8112324492979719,True,-1.2765947674180895,43,5.0,0.3333333333333333,41,5.0,51,6.0,8.0,0.5333333333333333,30.0,20.0,9.0,6.0,,,,,,,-0.4159690815182539
