Date,Round,isHome,Rival,Goal,Conceded,Points,CumPoints,bCumPoints,b5MatchPoints,b5MatchPointRatio,bCumGoal,b5MatchGoal,bCumConceded,b5MatchConceded,b5HomeMatchPoints,b5HomeMatchPointRatio,bHomeCumGoal,bHomeCumConceded,b5HomeMatchGoal,b5HomeMatchConceded,b5AwayMatchPoints,b5AwayMatchPointRatio,bAwayCumGoal,bAwayCumConceded,b5AwayMatchGoal,b5AwayMatchConceded,SelfAS,SelfDS,SelfFromCL,RivalAS,RivalDS,RivalFromCL,bStdCumPoints,bRivalCumPoints,bRival5MatchPoints,bRival5MatchPointRatio,bRivalCumGoal,bRival5MatchGoal,bRivalCumConceded,bRival5MatchConceded,bRival5HomeMatchPoints,bRival5HomeMatchPointRatio,bRivalHomeCumGoal,bRivalHomeCumConceded,bRival5HomeMatchGoal,bRival5HomeMatchConceded,bRival5AwayMatchPoints,bRival5AwayMatchPointRatio,bRivalAwayCumGoal,bRivalAwayCumConceded,bRival5AwayMatchGoal,bRival5AwayMatchConceded,bRivalStdCumPoints
2017-08-12,1,True,Liverpool,3,3,1,1,0,0.0,,0,0.0,0,0.0,0.0,,0.0,0.0,0.0,0.0,,,,,,,0.8237232289950578,1.2691466083150984,False,1.4442013129102844,0.7907742998352554,False,,0,0.0,,0,0.0,0,0.0,,,,,,,0.0,,0.0,0.0,0.0,0.0,
2017-08-19,2,False,Bournemouth,2,0,3,4,1,1.0,0.3333333333333333,3,3.0,3,3.0,,,,,,,0.0,,0.0,0.0,0.0,0.0,0.6564551422319475,1.2850082372322902,False,1.1532125205930808,1.2691466083150984,False,-0.2874172848876244,0,0.0,0.0,0,0.0,1,1.0,0.0,,0.0,0.0,0.0,0.0,,,,,,,-1.0059604971066858
2017-08-26,3,True,Brighton,0,0,1,5,4,4.0,0.6666666666666666,5,5.0,3,3.0,1.0,0.3333333333333333,3.0,3.0,3.0,3.0,,,,,,,0.8237232289950578,1.2691466083150984,False,0.9120521172638436,0.6287787182587666,True,0.5585240370278854,0,0.0,0.0,0,0.0,4,4.0,,,,,,,0.0,0.0,0.0,2.0,0.0,2.0,-1.3841682656778032
2017-09-09,4,False,Southampton,2,0,3,8,5,5.0,0.5555555555555556,5,5.0,3,3.0,,,,,,,3.0,1.0,2.0,0.0,2.0,0.0,0.6564551422319475,1.2850082372322902,False,0.5601317957166392,0.9190371991247264,False,0.3293552961504202,5,5.0,0.5555555555555556,3,3.0,2,2.0,4.0,0.6666666666666666,3.0,2.0,3.0,2.0,,,,,,,0.3293552961504202
2017-09-16,5,True,Man City,0,6,0,8,8,8.0,0.6666666666666666,7,7.0,3,3.0,2.0,0.3333333333333333,3.0,3.0,3.0,3.0,,,,,,,0.8237232289950578,1.2691466083150984,False,1.8818380743982488,0.7248764415156508,False,0.8518975542697738,10,10.0,0.8333333333333334,10,10.0,2,2.0,,,,,,,6.0,1.0,4.0,1.0,4.0,1.0,1.5618121828279186
2017-09-23,6,False,Swansea,2,1,3,11,8,8.0,0.5333333333333333,7,7.0,9,9.0,,,,,,,6.0,1.0,4.0,0.0,4.0,0.0,0.6564551422319475,1.2850082372322902,False,0.8896210873146623,1.487964989059081,False,0.3539674340993704,5,5.0,0.3333333333333333,2,2.0,5,5.0,0.0,0.0,0.0,5.0,0.0,5.0,,,,,,,-0.569425872246813
2017-09-30,7,False,West Brom,2,2,1,12,11,10.0,0.6666666666666666,9,6.0,10,7.0,,,,,,,9.0,1.0,6.0,1.0,6.0,1.0,0.6564551422319475,1.2850082372322902,False,0.8896210873146623,0.962800875273523,False,0.6516262728815522,8,5.0,0.3333333333333333,4,3.0,6,6.0,5.0,0.5555555555555556,2.0,1.0,2.0,1.0,,,,,,,-0.0724029192090615
2017-10-15,8,True,Arsenal,2,1,3,15,12,8.0,0.5333333333333333,11,6.0,12,9.0,2.0,0.2222222222222222,3.0,9.0,3.0,9.0,,,,,,,0.8237232289950578,1.2691466083150984,False,1.663019693654267,0.9225700164744646,False,0.4948162037434784,13,10.0,0.6666666666666666,11,7.0,8,4.0,,,,,,,1.0,0.1111111111111111,0.0,5.0,0.0,5.0,0.705376290442831
2017-10-21,9,False,Chelsea,2,4,0,15,15,10.0,0.6666666666666666,13,8.0,13,10.0,,,,,,,10.0,0.8333333333333334,8.0,3.0,8.0,3.0,0.6564551422319475,1.2850082372322902,False,1.812191103789127,0.7439824945295405,False,0.8316367889944553,13,7.0,0.4666666666666667,13,7.0,8,4.0,4.0,0.3333333333333333,4.0,4.0,4.0,4.0,,,,,,,0.4259603065581356
2017-10-28,10,True,Stoke,0,1,0,15,15,7.0,0.4666666666666667,15,8.0,17,14.0,5.0,0.4166666666666667,5.0,10.0,5.0,10.0,,,,,,,0.8237232289950578,1.2691466083150984,False,0.7439824945295405,1.0543657331136738,False,0.4947129002346073,8,3.0,0.2,10,6.0,20,16.0,,,,,,,1.0,0.0833333333333333,4.0,11.0,4.0,11.0,-0.8372064465508741
2017-11-06,11,False,Everton,2,3,0,15,15,7.0,0.4666666666666667,15,8.0,18,9.0,,,,,,,10.0,0.8333333333333334,10.0,7.0,10.0,7.0,0.6564551422319475,1.2850082372322902,False,1.383855024711697,0.7002188183807438,False,0.2043483343662034,8,4.0,0.2666666666666666,7,5.0,20,10.0,6.0,0.4,5.0,10.0,5.0,10.0,,,,,,,-0.9876836161033176
2017-11-20,12,True,West Ham,2,0,3,18,15,4.0,0.2666666666666666,17,8.0,21,11.0,5.0,0.3333333333333333,5.0,11.0,5.0,11.0,,,,,,,0.8237232289950578,1.2691466083150984,False,1.225382932166302,1.0873146622734762,False,-0.0392773302510066,9,5.0,0.3333333333333333,11,5.0,23,10.0,,,,,,,3.0,0.25,5.0,13.0,5.0,9.0,-0.981933256275165
2017-11-25,13,False,Newcastle,3,0,3,21,18,6.0,0.4,19,8.0,21,9.0,,,,,,,7.0,0.5833333333333334,12.0,10.0,10.0,10.0,0.6564551422319475,1.2850082372322902,False,1.185006045949214,0.749185667752443,True,0.1875390366148633,14,4.0,0.2666666666666666,11,4.0,14,8.0,10.0,0.6666666666666666,7.0,5.0,7.0,3.0,,,,,,,-0.368132182984731
2017-11-29,14,True,Man Utd,2,4,0,21,21,6.0,0.4,22,9.0,21,8.0,7.0,0.4666666666666667,7.0,11.0,4.0,8.0,,,,,,,0.8237232289950578,1.2691466083150984,False,1.225382932166302,0.5601317957166392,False,0.4006755501630698,29,9.0,0.6,28,7.0,6,4.0,,,,,,,5.0,0.4166666666666667,8.0,5.0,4.0,5.0,1.4516278128858755
2017-12-02,15,True,Spurs,1,1,1,22,21,6.0,0.4,24,9.0,25,8.0,6.0,0.4,9.0,15.0,6.0,12.0,,,,,,,0.8237232289950578,1.2691466083150984,False,1.7067833698030634,0.5601317957166392,False,0.1951294998095514,24,4.0,0.2666666666666666,22,3.0,12,6.0,,,,,,,6.0,0.5,13.0,7.0,8.0,7.0,0.5499104085541907
2017-12-09,16,False,Burnley,0,1,0,22,22,7.0,0.4666666666666667,25,10.0,26,8.0,,,,,,,7.0,0.5833333333333334,15.0,10.0,11.0,10.0,0.6564551422319475,1.2850082372322902,False,0.85667215815486,0.8752735229759299,False,0.143002182681551,25,9.0,0.6,14,5.0,12,3.0,8.0,0.5333333333333333,5.0,3.0,4.0,2.0,,,,,,,0.4730072196389764
2017-12-13,17,False,Crystal Palace,1,2,0,22,22,7.0,0.4666666666666667,25,8.0,27,6.0,,,,,,,4.0,0.3333333333333333,15.0,11.0,9.0,10.0,0.6564551422319475,1.2850082372322902,False,0.7907742998352554,1.0940919037199124,False,-0.0054470068392346,11,7.0,0.4666666666666667,10,6.0,27,5.0,9.0,0.6,10.0,14.0,10.0,8.0,,,,,,,-1.2037885114708349
2017-12-16,18,True,Huddersfield,1,4,0,22,22,4.0,0.2666666666666666,26,7.0,29,8.0,7.0,0.4666666666666667,10.0,16.0,7.0,7.0,,,,,,,0.8237232289950578,1.2691466083150984,False,0.716612377850163,0.773881499395405,True,-0.1448114866862801,18,3.0,0.2,12,4.0,29,12.0,,,,,,,0.0,0.0,3.0,18.0,0.0,16.0,-0.5442914499587773
2017-12-23,19,False,Brighton,0,1,0,22,22,1.0,0.0666666666666666,27,5.0,33,12.0,,,,,,,3.0,0.25,16.0,13.0,8.0,10.0,0.6564551422319475,1.2850082372322902,False,1.1124546553808947,0.4560260586319218,True,-0.2702532898261407,18,2.0,0.1333333333333333,14,1.0,23,9.0,4.0,0.2666666666666666,9.0,12.0,4.0,8.0,,,,,,,-0.6430164482070246
2017-12-26,20,True,Leicester,2,1,3,25,22,1.0,0.0666666666666666,27,3.0,34,9.0,4.0,0.2666666666666666,11.0,20.0,6.0,10.0,,,,,,,0.8237232289950578,1.2691466083150984,False,0.7439824945295405,1.2520593080724878,False,-0.3781330994899102,27,10.0,0.6666666666666666,29,10.0,28,8.0,,,,,,,11.0,0.9166666666666666,16.0,14.0,12.0,7.0,0.077448948088295
2017-12-30,21,True,Swansea,1,2,0,25,25,3.0,0.2,29,4.0,35,9.0,7.0,0.4666666666666667,13.0,21.0,8.0,10.0,,,,,,,0.8237232289950578,1.2691466083150984,False,0.7877461706783369,1.186161449752883,False,-0.2075725955904752,13,4.0,0.2666666666666666,11,3.0,31,13.0,,,,,,,0.0,0.0,5.0,16.0,2.0,13.0,-1.2242546964417826
2018-01-03,22,False,Man City,1,3,0,25,25,3.0,0.2,30,5.0,37,10.0,,,,,,,3.0,0.25,16.0,14.0,6.0,7.0,0.6564551422319475,1.2850082372322902,False,1.2191103789126854,0.7439824945295405,False,-0.3232915895807332,59,13.0,0.8666666666666667,61,13.0,12,1.0,15.0,1.0,36.0,7.0,15.0,4.0,,,,,,,2.5317510197036626
2018-01-13,23,True,Southampton,2,2,1,26,25,3.0,0.2,31,5.0,40,11.0,4.0,0.2666666666666666,14.0,23.0,7.0,12.0,,,,,,,0.8237232289950578,1.2691466083150984,False,1.050328227571116,0.8896210873146623,False,-0.4041225315118826,20,2.0,0.1333333333333333,21,4.0,32,9.0,,,,,,,2.0,0.1666666666666666,7.0,15.0,4.0,9.0,-0.8042438498404793
2018-01-20,24,False,Leicester,0,2,0,26,26,4.0,0.2666666666666666,33,6.0,42,9.0,,,,,,,3.0,0.25,17.0,17.0,5.0,7.0,0.6564551422319475,1.2850082372322902,False,1.0214168039538716,1.0940919037199124,False,-0.4317056316773722,31,5.0,0.3333333333333333,34,7.0,32,6.0,10.0,0.6666666666666666,16.0,14.0,8.0,6.0,,,,,,,-0.0319781949390645
2018-02-01,25,False,Stoke,0,0,1,27,26,4.0,0.2666666666666666,33,6.0,44,10.0,,,,,,,0.0,0.0,17.0,19.0,2.0,9.0,0.6564551422319475,1.2850082372322902,False,0.7907742998352554,1.050328227571116,False,-0.518042296957377,23,4.0,0.2666666666666666,25,3.0,50,10.0,9.0,0.6,15.0,20.0,7.0,6.0,,,,,,,-0.7482833178273224
2018-02-06,26,True,Chelsea,4,1,3,30,27,2.0,0.1333333333333333,33,4.0,44,9.0,5.0,0.3333333333333333,16.0,25.0,7.0,10.0,,,,,,,0.8237232289950578,1.2691466083150984,False,1.312910284463895,0.5271828665568369,False,-0.5321343007612712,50,8.0,0.5333333333333333,45,11.0,19,5.0,,,,,,,8.0,0.6666666666666666,24.0,9.0,9.0,4.0,1.2039066804457137
2018-02-10,27,False,West Ham,0,2,0,30,30,5.0,0.3333333333333333,37,7.0,45,8.0,,,,,,,1.0,0.0833333333333333,17.0,19.0,2.0,8.0,0.6564551422319475,1.2850082372322902,False,0.6260296540362439,1.3566739606126914,False,-0.400493531341868,27,6.0,0.4,32,8.0,46,7.0,6.0,0.4,14.0,17.0,6.0,6.0,,,,,,,-0.6250693433092707
2018-02-25,28,True,Everton,1,0,3,33,30,5.0,0.3333333333333333,37,6.0,47,7.0,7.0,0.4666666666666667,20.0,26.0,10.0,10.0,,,,,,,0.8237232289950578,1.2691466083150984,False,0.8752735229759299,0.9225700164744646,False,-0.4951652837009374,34,7.0,0.4666666666666667,32,7.0,46,12.0,,,,,,,4.0,0.3333333333333333,9.0,28.0,3.0,11.0,-0.2038915874062682
2018-03-03,29,True,West Brom,1,0,3,36,33,7.0,0.4666666666666667,38,5.0,47,5.0,10.0,0.6666666666666666,21.0,26.0,10.0,6.0,,,,,,,0.8237232289950578,1.2691466083150984,False,0.7002188183807438,0.955518945634267,False,-0.3592514545713524,20,1.0,0.0666666666666666,22,4.0,42,12.0,,,,,,,1.0,0.0833333333333333,7.0,22.0,3.0,12.0,-1.2660997864990384
2018-03-11,30,False,Arsenal,0,3,0,36,36,10.0,0.6666666666666666,39,6.0,47,3.0,,,,,,,1.0,0.0833333333333333,17.0,21.0,1.0,8.0,0.6564551422319475,1.2850082372322902,False,1.2850082372322902,0.7002188183807438,False,-0.2362263972915254,45,3.0,0.2,52,7.0,41,10.0,8.0,0.5333333333333333,36.0,17.0,14.0,10.0,,,,,,,0.3626574268278353
2018-03-18,31,False,Liverpool,0,5,0,36,36,9.0,0.6,39,6.0,50,6.0,,,,,,,1.0,0.0833333333333333,17.0,24.0,1.0,10.0,0.6564551422319475,1.2850082372322902,False,1.4827018121911038,0.7877461706783369,False,-0.3154318895049005,60,10.0,0.6666666666666666,68,11.0,34,5.0,13.0,0.8666666666666667,33.0,10.0,14.0,7.0,,,,,,,1.198641180118622
2018-03-31,32,True,Bournemouth,2,2,1,37,36,6.0,0.4,39,2.0,55,10.0,10.0,0.6666666666666666,22.0,26.0,9.0,5.0,,,,,,,0.8237232289950578,1.2691466083150984,False,0.8752735229759299,1.2520593080724878,False,-0.41075568592877,36,5.0,0.3333333333333333,37,7.0,49,12.0,,,,,,,6.0,0.5,14.0,23.0,8.0,8.0,-0.41075568592877
2018-04-07,33,True,Burnley,1,2,0,37,37,7.0,0.4666666666666667,41,4.0,57,10.0,11.0,0.7333333333333333,24.0,28.0,10.0,5.0,,,,,,,0.8237232289950578,1.2691466083150984,False,0.5689277899343544,1.1532125205930808,False,-0.4078104905626303,46,10.0,0.6666666666666666,29,8.0,27,4.0,,,,,,,7.0,0.5833333333333334,17.0,15.0,6.0,4.0,0.1932967933782449
2018-04-14,34,False,Huddersfield,0,1,0,37,37,4.0,0.2666666666666666,42,4.0,59,12.0,,,,,,,1.0,0.0833333333333333,17.0,29.0,0.0,12.0,0.6564551422319475,1.2850082372322902,False,0.8222490931076178,0.8469055374592834,True,-0.4574869617133297,32,2.0,0.1333333333333333,26,1.0,54,6.0,4.0,0.2666666666666666,15.0,22.0,5.0,10.0,,,,,,,-0.7434163127841608
2018-04-21,35,True,Crystal Palace,0,0,1,38,37,1.0,0.0666666666666666,42,3.0,60,13.0,10.0,0.6666666666666666,25.0,30.0,9.0,5.0,,,,,,,0.8237232289950578,1.2691466083150984,False,1.1378555798687089,1.2520593080724878,False,-0.5274779648548662,34,7.0,0.4666666666666667,36,9.0,54,8.0,,,,,,,5.0,0.4166666666666667,14.0,27.0,7.0,8.0,-0.6940499537564029
2018-05-01,36,False,Spurs,0,2,0,38,38,2.0,0.1333333333333333,42,3.0,60,10.0,,,,,,,1.0,0.0833333333333333,17.0,30.0,0.0,11.0,0.6564551422319475,1.2850082372322902,False,1.5485996705107086,0.3938730853391684,False,-0.5221122627910566,68,10.0,0.6666666666666666,66,11.0,31,7.0,12.0,0.8,32.0,12.0,10.0,3.0,,,,,,,1.193765920461013
2018-05-05,37,True,Newcastle,2,1,3,41,38,2.0,0.1333333333333333,42,3.0,62,7.0,8.0,0.5333333333333333,25.0,30.0,5.0,4.0,,,,,,,0.8237232289950578,1.2691466083150984,False,1.1726384364820848,0.4111245465538089,True,-0.5998593397789678,41,9.0,0.6,35,5.0,44,4.0,,,,,,,5.0,0.4166666666666667,17.0,27.0,5.0,7.0,-0.3614623357784238
2018-05-13,38,False,Man Utd,0,1,0,41,41,4.0,0.2666666666666666,44,3.0,63,6.0,,,,,,,0.0,0.0,17.0,32.0,0.0,13.0,0.6564551422319475,1.2850082372322902,False,0.85667215815486,0.5251641137855579,False,-0.5150216725389122,78,7.0,0.4666666666666667,67,4.0,28,3.0,12.0,0.8,37.0,9.0,8.0,4.0,,,,,,,1.4803502524809575
