Date,Round,isHome,Rival,Goal,Conceded,Points,CumPoints,bCumPoints,b5MatchPoints,b5MatchPointRatio,bCumGoal,b5MatchGoal,bCumConceded,b5MatchConceded,b5HomeMatchPoints,b5HomeMatchPointRatio,bHomeCumGoal,bHomeCumConceded,b5HomeMatchGoal,b5HomeMatchConceded,b5AwayMatchPoints,b5AwayMatchPointRatio,bAwayCumGoal,bAwayCumConceded,b5AwayMatchGoal,b5AwayMatchConceded,SelfAS,SelfDS,SelfFromCL,RivalAS,RivalDS,RivalFromCL,bStdCumPoints,bRivalCumPoints,bRival5MatchPoints,bRival5MatchPointRatio,bRivalCumGoal,bRival5MatchGoal,bRivalCumConceded,bRival5MatchConceded,bRival5HomeMatchPoints,bRival5HomeMatchPointRatio,bRivalHomeCumGoal,bRivalHomeCumConceded,bRival5HomeMatchGoal,bRival5HomeMatchConceded,bRival5AwayMatchPoints,bRival5AwayMatchPointRatio,bRivalAwayCumGoal,bRivalAwayCumConceded,bRival5AwayMatchGoal,bRival5AwayMatchConceded,bRivalStdCumPoints
2020-09-13,1,False,West Ham,2,0,3,3,0,0.0,,0,0.0,0,0.0,,,,,,,0.0,,0.0,0.0,0.0,0.0,0.7860262008733624,1.2847222222222223,False,1.0416666666666667,1.4410480349344978,False,,0,0.0,,0,0.0,0,0.0,0.0,,0.0,0.0,0.0,0.0,,,,,,,
2020-09-20,2,True,Brighton,0,3,0,3,3,3.0,1.0,2,2.0,0,0.0,0.0,,0.0,0.0,0.0,0.0,,,,,,,0.6944444444444444,0.9170305676855895,False,0.8296943231441049,0.9375,False,0.9746794344808964,0,0.0,0.0,1,1.0,3,3.0,,,,,,,0.0,,0.0,0.0,0.0,0.0,-0.9746794344808964
2020-09-27,3,False,Spurs,1,1,1,4,3,3.0,0.5,2,2.0,3,3.0,,,,,,,3.0,1.0,2.0,0.0,2.0,0.0,0.7860262008733624,1.2847222222222223,False,1.25,0.7423580786026202,False,0.0,3,3.0,0.5,5,5.0,3,3.0,0.0,0.0,0.0,1.0,0.0,1.0,,,,,,,0.0
2020-10-04,4,True,Burnley,3,1,3,7,4,4.0,0.4444444444444444,3,3.0,4,4.0,0.0,0.0,0.0,3.0,0.0,3.0,,,,,,,0.6944444444444444,0.9170305676855895,False,0.8296943231441049,0.9375,False,-0.0996509587954384,0,0.0,0.0,2,2.0,5,5.0,,,,,,,0.0,0.0,2.0,4.0,2.0,4.0,-1.2583057392117918
2020-10-18,5,True,Man Utd,1,4,0,7,7,7.0,0.5833333333333334,6,6.0,5,5.0,3.0,0.5,3.0,4.0,3.0,4.0,,,,,,,0.6944444444444444,0.9170305676855895,False,1.1353711790393013,0.6597222222222222,False,0.270154795505826,3,3.0,0.3333333333333333,5,5.0,11,11.0,,,,,,,3.0,1.0,3.0,2.0,3.0,2.0,-0.4318208214469
2020-10-26,6,False,Wolves,1,1,1,8,7,7.0,0.4666666666666667,7,7.0,9,9.0,,,,,,,4.0,0.6666666666666666,3.0,1.0,3.0,1.0,0.7860262008733624,1.2847222222222223,False,0.9375,0.8296943231441049,False,0.0434396208789338,9,9.0,0.6,5,5.0,7,7.0,3.0,0.5,2.0,3.0,2.0,3.0,,,,,,,0.6226345659313836
2020-11-01,7,True,Everton,2,1,3,11,8,5.0,0.3333333333333333,8,6.0,10,10.0,3.0,0.3333333333333333,4.0,8.0,4.0,8.0,,,,,,,0.6944444444444444,0.9170305676855895,False,0.8733624454148471,1.2152777777777777,False,-0.0503994737261376,13,10.0,0.6666666666666666,14,13.0,9,9.0,,,,,,,6.0,0.6666666666666666,3.0,3.0,3.0,3.0,1.2095873694273085
2020-11-07,8,False,Southampton,0,2,0,11,11,8.0,0.5333333333333333,10,8.0,11,8.0,,,,,,,5.0,0.5555555555555556,4.0,2.0,4.0,2.0,0.7860262008733624,1.2847222222222223,False,0.7291666666666667,1.5283842794759823,False,0.2285709275287118,13,13.0,0.8666666666666667,14,12.0,12,6.0,6.0,0.6666666666666666,6.0,5.0,6.0,5.0,,,,,,,0.6639441228214961
2020-11-21,9,True,Chelsea,0,2,0,11,11,7.0,0.4666666666666667,10,7.0,13,9.0,6.0,0.5,6.0,9.0,6.0,9.0,,,,,,,0.6944444444444444,0.9170305676855895,False,1.7030567685589522,1.3194444444444444,False,-0.0502786276048432,15,11.0,0.7333333333333333,20,14.0,10,4.0,,,,,,,8.0,0.6666666666666666,9.0,4.0,9.0,4.0,0.7541794140726484
2020-11-28,10,False,Crystal Palace,2,0,3,14,11,4.0,0.2666666666666666,10,4.0,15,10.0,,,,,,,5.0,0.4166666666666667,4.0,4.0,4.0,4.0,0.7860262008733624,1.2847222222222223,False,0.5208333333333334,0.8733624454148471,False,-0.2929976919672457,13,7.0,0.4666666666666667,12,7.0,13,6.0,7.0,0.5833333333333334,7.0,4.0,7.0,4.0,,,,,,,0.0621510255688096
2020-12-12,11,True,West Brom,2,1,3,17,14,7.0,0.4666666666666667,12,5.0,15,6.0,6.0,0.4,6.0,11.0,6.0,11.0,,,,,,,0.6944444444444444,0.9170305676855895,False,0.9734513274336284,0.4621309370988447,True,-0.0448727653476459,6,3.0,0.2,8,2.0,23,9.0,,,,,,,1.0,0.0833333333333333,3.0,11.0,3.0,11.0,-1.5415484533003851
2020-12-17,12,False,Leeds,2,5,0,17,17,9.0,0.6,14,6.0,16,6.0,,,,,,,8.0,0.6666666666666666,6.0,4.0,6.0,4.0,0.7860262008733624,1.2847222222222223,False,1.0269576379974326,0.4129793510324483,True,0.2156570375083439,14,4.0,0.2666666666666666,17,4.0,22,9.0,2.0,0.1333333333333333,7.0,11.0,3.0,8.0,,,,,,,-0.3691265873103813
2020-12-20,13,True,Fulham,1,1,1,18,17,6.0,0.4,16,6.0,21,10.0,9.0,0.6,8.0,12.0,8.0,9.0,,,,,,,0.6944444444444444,0.9170305676855895,False,0.7079646017699115,0.564826700898588,True,0.0602655652751645,9,5.0,0.3333333333333333,12,5.0,22,7.0,,,,,,,4.0,0.3333333333333333,6.0,10.0,3.0,6.0,-1.1171927209300698
